B=5	N=100	M=3	Cbw=3078	Cpw=782

Modes
mode base_power
G 10
R 25
P 50

Task types
type name modes
1 enterprise_emergency G|R
2 maritime_airborne G|R|P
3 cellular_backhaul R|P
4 private_high_priority P

The bandwidth capacity of 5 beams
771 490 577 564 676

The power capacity of 5 beams
140 172 156 131 183

The type of 100 tasks
3 3 3 1 4 4 3 2 2 4 4 1 2 1 1 1 1 3 4 4 2 1 1 3 2 3 3 1 1 2 1 2 2 1 2 1 2 3 1 1 1 2 1 1 3 3 2 3 1 1 2 3 2 3 1 4 3 3 3 1 4 2 2 1 4 3 4 1 1 1 3 2 2 1 1 2 1 1 2 4 4 4 2 2 3 4 2 1 1 3 3 1 3 2 2 1 3 3 4 1

The profit of 100 tasks
142 103 165 57 195 287 169 114 107 304 182 37 68 41 48 58 36 186 200 347 95 49 49 152 114 157 175 29 42 59 38 97 110 25 95 38 93 149 56 46 53 68 45 26 182 169 58 135 37 45 67 141 74 143 56 334 138 145 197 41 203 62 109 40 268 115 336 53 57 26 162 98 60 30 22 117 20 25 99 300 269 227 76 82 103 287 61 48 36 120 162 33 127 103 95 49 102 193 204 53

The bandwidth demand of 100 tasks
62 60 72 3 51 85 73 34 39 99 50 5 13 5 8 4 6 66 71 100 31 3 5 78 30 81 97 2 8 15 8 19 16 6 39 6 36 60 5 8 7 30 2 5 85 77 25 83 7 3 21 61 33 62 2 67 84 74 67 3 90 33 25 3 82 77 56 4 8 5 92 25 17 2 2 30 3 6 32 103 60 44 36 34 51 82 19 5 5 95 71 8 60 26 18 8 72 100 93 8

The power demand of 100 tasks
15 19 11 1 24 30 10 7 5 18 26 2 7 1 1 1 3 18 14 23 4 1 2 10 6 15 9 2 2 6 2 8 7 2 3 2 10 14 1 1 3 5 2 2 14 16 8 11 2 1 4 18 6 9 2 15 16 12 19 3 24 6 3 1 13 10 22 2 1 1 16 8 8 2 1 5 3 1 7 24 20 27 7 3 12 27 3 1 3 12 11 1 12 3 3 3 13 9 13 1
