B=20	N=600	M=3	Cbw=17548	Cpw=4240

Modes
mode base_power
G 10
R 25
P 50

Task types
type name modes
1 enterprise_emergency G|R
2 maritime_airborne G|R|P
3 cellular_backhaul R|P
4 private_high_priority P

The bandwidth capacity of 20 beams
986 871 970 882 848 745 919 962 700 786
781 940 910 786 933 786 946 1045 896 856

The power capacity of 20 beams
206 204 258 170 213 207 270 193 214 259
183 265 178 191 187 228 206 244 173 191

The type of 600 tasks
2 1 2 3 1 1 1 4 2 3 1 4 3 1 2 1 1 1 2 2 2 4 3 3 2 3 3 1 2 3 4 1 3 2 1 1 2 1 2 2 3 3 3 1 1 2 3 3 3 3 3 2 4 4 3 1 4 4 1 1 2 1 3 3 2 2 3 1 3 2 1 3 2 1 1 1 3 2 3 1 3 4 3 3 4 2 1 2 1 3 4 1 1 1 1 1 1 3 3 4 2 4 1 4 1 1 1 3 3 3 2 1 3 1 3 2 3 3 1 3 2 1 1 3 4 2 1 2 2 3 1 4 4 4 2 1 2 3 3 2 3 2 4 1 4 4 2 3 3 1 3 4 4 1 3 2 2 1 4 2 1 3 1 3 4 1 2 3 4 3 3 2 3 2 1 3 4 2 2 3 4 4 3 1 3 1 3 2 2 2 4 1 2 2 2 1 3 1 1 2 1 2 4 2 1 1 2 1 3 3 3 1 3 1 2 2 2 1 3 1 1 1 4 2 4 2 1 4 1 1 3 2 3 3 2 2 4 1 3 2 1 2 2 2 3 1 2 2 1 1 3 3 3 3 3 3 2 1 1 3 1 2 1 4 2 3 3 4 1 2 1 1 1 4 2 4 4 3 3 4 1 4 1 2 2 3 3 4 3 1 3 3 1 1 3 1 2 4 2 1 3 1 1 3 1 1 4 2 2 1 1 1 1 4 2 4 4 1 2 2 3 4 4 2 3 2 1 4 1 3 4 1 1 1 1 3 2 2 1 3 3 3 3 4 1 2 2 1 2 1 3 1 2 1 1 3 2 1 4 1 1 1 2 3 1 4 1 3 1 1 2 1 2 1 3 2 3 2 2 4 3 4 1 1 4 2 4 2 4 2 2 1 2 1 2 1 2 2 1 1 3 2 1 3 1 4 1 1 3 1 3 1 2 1 2 2 3 2 4 2 4 1 2 2 1 2 1 1 4 3 2 3 3 1 1 1 2 1 3 1 1 2 4 1 3 1 1 1 4 1 3 2 3 4 4 3 1 3 1 1 1 3 1 4 4 1 1 1 1 3 1 3 1 4 3 2 3 2 3 1 4 3 2 1 2 4 3 2 1 2 3 1 3 1 1 1 2 1 1 2 3 2 1 2 1 3 1 3 1 4 3 1 3 2 4 2 2 1 3 2 1 1 4 3 4 2 1 1 4 2 4 4 3 4 2 2 1 2 2 2 4 2 1 2 1 1 1 1 1 4 1 3 1 3 2 3 3 1 1 1 3 3 2 1 3 1 3 3 3 1 2 4 4 1 4 4 1 1 3 2 3 2 2 2 1 1 1 1 1 2 2 1 1 4 4 2 3 1 4 3

The profit of 600 tasks
70 48 92 133 25 53 27 283 78 200 36 230 127 32 94 44 36 55 98 51 103 242 132 166 62 162 140 49 60 115 334 59 119 76 52 37 117 55 95 53 116 122 110 31 33 110 166 153 168 104 169 120 264 197 197 28 222 222 20 57 94 55 134 194 100 75 132 33 175 51 44 104 73 46 32 46 179 83 187 28 133 333 131 158 337 67 52 87 50 139 238 60 24 28 57 56 20 144 145 187 52 194 53 306 52 35 45 192 111 128 118 48 147 52 194 102 152 197 47 109 83 27 55 200 323 105 37 74 114 172 21 277 186 315 100 47 113 100 101 108 147 86 224 41 237 247 69 164 140 21 173 325 344 53 144 76 64 30 320 100 44 120 52 199 243 34 66 140 315 144 162 88 148 109 55 177 265 77 99 177 242 292 159 59 189 52 186 76 90 67 201 57 68 60 63 44 180 44 38 77 39 52 186 54 47 31 116 49 150 175 134 59 135 21 110 102 86 20 174 30 42 44 267 89 299 55 34 238 51 22 162 50 156 124 56 118 260 58 186 66 41 99 120 76 182 34 115 104 36 37 175 130 140 149 124 105 86 36 60 136 36 105 57 325 74 111 110 217 51 82 45 48 30 267 58 315 283 107 176 301 26 216 24 51 120 131 138 208 198 35 162 141 30 29 152 29 93 317 91 35 138 38 29 170 21 58 302 109 54 34 44 44 27 318 106 187 342 43 97 108 139 320 328 55 110 64 49 288 27 167 180 24 51 27 26 106 80 118 36 116 119 130 150 227 42 117 62 40 108 48 158 30 87 59 33 133 76 47 198 33 58 29 94 100 37 328 43 190 34 33 62 57 118 23 156 50 149 101 69 340 173 256 29 26 335 110 190 110 339 98 90 58 53 29 60 54 110 116 35 36 113 110 55 155 46 245 26 54 146 39 163 42 108 47 77 96 125 102 305 81 342 33 78 67 51 61 23 23 234 187 52 160 130 42 48 29 91 30 168 35 38 89 313 37 136 39 22 41 190 35 105 93 147 265 204 157 46 173 54 21 42 135 48 201 209 50 56 24 54 102 33 113 43 181 174 56 147 109 152 44 187 135 76 25 98 207 157 70 55 78 188 38 125 20 33 57 110 53 29 60 161 72 36 68 55 110 49 101 59 263 170 40 121 61 248 117 73 45 190 87 22 31 348 147 234 90 51 30 346 94 219 346 150 309 60 116 28 86 63 83 343 107 30 107 32 43 35 53 29 345 25 178 31 156 83 177 117 23 50 30 175 118 93 54 137 43 103 135 180 58 114 267 209 44 268 267 23 23 191 116 101 50 77 116 49 27 35 60 55 74 110 56 33 250 188 78 159 31 284 125

The bandwidth demand of 600 tasks
19 8 17 55 5 2 5 104 17 92 6 99 94 4 19 7 6 4 39 33 35 48 59 60 16 65 54 4 30 64 83 7 84 14 4 4 22 4 19 34 79 59 67 8 8 24 90 53 57 90 50 26 54 112 55 3 74 61 3 6 35 7 85 74 15 32 87 4 85 11 4 83 19 5 4 3 84 35 86 4 52 51 97 84 98 30 2 37 4 81 58 7 3 5 7 4 5 69 96 96 38 98 8 40 2 6 7 84 56 77 33 3 79 5 77 17 68 61 6 75 20 5 7 75 104 26 3 34 30 89 4 80 90 83 28 5 22 83 88 37 54 12 90 4 98 82 31 54 58 4 66 100 117 8 77 26 29 4 120 30 3 65 5 54 62 6 10 82 112 83 81 38 94 18 6 79 52 19 33 58 72 98 57 5 70 5 89 15 38 18 68 6 22 35 18 4 69 7 6 31 3 17 100 25 5 5 35 3 62 55 66 6 96 3 11 28 18 7 60 3 6 7 51 20 89 39 3 108 4 4 74 10 65 59 36 32 83 5 80 10 5 31 30 38 85 5 25 17 3 8 62 79 73 71 93 53 27 7 8 56 5 28 2 101 27 88 69 89 3 39 4 3 5 55 31 62 61 86 67 78 3 48 4 36 24 73 82 62 99 4 73 53 7 5 52 7 31 113 34 6 81 7 8 77 2 5 45 12 40 7 4 5 5 119 16 54 80 6 27 36 57 108 44 10 95 33 4 67 3 69 118 6 5 7 4 58 20 32 7 67 89 90 51 118 3 29 38 8 34 6 54 8 23 5 6 58 13 2 69 8 2 5 11 72 7 109 2 55 3 2 37 2 20 6 86 21 77 13 19 85 96 68 6 4 112 13 68 24 53 23 35 5 23 5 20 3 26 34 7 4 83 22 4 71 4 78 8 6 92 4 70 6 23 6 27 24 66 34 74 23 92 7 33 24 2 15 3 7 106 96 21 85 94 7 5 7 29 6 61 4 7 39 106 7 50 7 3 6 83 2 57 33 98 83 57 71 4 59 8 4 3 94 5 55 94 3 7 2 5 96 8 86 4 72 56 27 84 40 85 3 86 85 33 4 32 82 70 13 5 16 62 8 96 6 7 5 12 6 5 34 81 36 7 12 4 91 7 95 3 76 63 7 68 20 89 33 37 6 82 17 3 3 92 82 78 35 3 5 108 16 118 70 96 102 36 39 8 20 32 26 82 35 2 15 2 4 6 7 6 79 4 60 4 84 40 81 51 7 7 2 77 84 13 7 65 4 82 91 91 5 40 92 40 3 71 64 8 5 91 28 78 11 17 16 7 5 5 6 3 13 39 7 7 101 47 21 55 3 53 55

The power demand of 600 tasks
3 1 6 19 1 3 1 17 9 17 2 12 12 2 8 1 1 3 6 9 4 22 15 14 10 19 19 2 4 9 23 2 9 7 1 2 8 1 8 9 16 9 11 1 1 9 12 14 19 20 10 8 14 13 16 1 30 28 3 3 4 3 9 16 7 4 16 2 9 7 2 19 4 1 1 2 10 3 13 2 13 16 13 8 25 8 2 7 1 13 16 3 1 1 2 3 2 20 9 25 8 11 1 21 3 1 1 18 13 8 8 3 12 2 18 9 14 15 2 19 9 1 2 15 27 9 1 4 10 19 1 16 14 17 4 1 6 12 11 5 20 3 11 2 24 18 5 17 12 1 12 24 30 1 9 9 4 2 25 6 2 9 1 14 22 1 7 19 14 13 9 5 10 9 3 17 16 6 4 18 25 17 18 2 9 2 13 5 8 7 28 1 7 5 9 1 11 1 2 8 3 6 16 4 2 1 7 1 15 18 9 1 14 1 7 9 6 1 19 1 3 3 19 9 14 10 3 22 2 2 20 10 18 12 4 4 14 1 17 4 1 7 4 7 11 1 7 5 1 3 11 17 9 13 9 16 7 1 3 15 3 7 3 28 9 11 15 20 2 5 3 3 1 18 3 11 12 11 14 11 2 22 2 5 4 10 9 23 11 2 8 10 1 1 18 3 9 20 5 2 18 3 1 20 1 1 27 4 9 2 1 2 3 18 6 12 18 2 5 5 12 16 11 3 10 8 1 20 2 20 12 2 3 3 1 16 4 5 3 18 11 16 9 20 2 3 4 2 4 3 16 3 5 1 2 14 8 1 19 1 1 3 8 14 3 24 1 8 1 2 7 2 9 1 19 7 17 6 4 28 9 14 2 2 19 6 24 7 18 6 6 1 6 2 9 1 6 10 2 2 10 7 1 14 2 17 3 2 15 2 18 2 7 2 4 7 9 4 29 5 21 1 8 9 2 7 1 2 11 16 4 15 10 2 2 2 6 1 20 1 3 7 11 2 18 1 2 1 16 1 11 10 14 15 25 13 2 17 3 2 1 10 2 30 13 1 1 1 2 15 2 16 3 21 14 4 19 9 12 2 24 11 4 2 7 29 15 5 2 6 12 1 20 1 1 1 3 3 2 6 8 8 1 4 2 20 1 9 1 22 17 2 9 4 18 9 3 2 19 5 3 2 19 11 17 9 1 3 16 3 15 23 8 17 10 9 2 5 7 8 27 8 3 4 3 1 1 2 1 16 1 13 2 18 9 10 11 3 2 3 9 8 4 1 15 3 16 11 10 1 8 14 24 1 18 22 1 2 14 8 19 7 8 10 1 3 3 1 1 7 8 2 1 24 27 5 14 2 13 18
