B=90	N=1800	M=3	Cbw=56967	Cpw=14546

Modes
mode base_power
G 10
R 25
P 50

Task types
type name modes
1 enterprise_emergency G|R
2 maritime_airborne G|R|P
3 cellular_backhaul R|P
4 private_high_priority P

The bandwidth capacity of 90 beams
710 480 657 512 709 750 520 606 765 563
660 555 695 622 592 665 624 700 525 512
624 492 571 525 678 515 556 642 739 680
695 668 541 745 503 530 514 626 587 651
587 683 693 710 632 765 492 753 593 613
726 768 651 766 763 494 613 555 753 715
734 763 743 623 540 679 763 664 626 487
688 477 516 604 703 524 506 699 513 748
562 500 696 709 651 669 712 683 596 760

The power capacity of 90 beams
147 128 159 199 181 140 184 131 136 150
190 189 199 150 151 167 181 128 201 163
140 159 148 183 191 133 156 164 174 156
183 172 150 179 184 198 131 123 176 158
141 158 166 127 162 145 164 159 144 201
152 202 184 156 164 133 192 165 142 171
157 149 143 138 151 139 182 199 146 124
188 197 131 192 142 198 126 197 124 153
138 198 159 194 132 161 148 176 153 151

The type of 1800 tasks
2 2 3 1 3 2 2 3 1 4 2 3 4 3 1 1 2 1 4 2 2 1 1 1 4 1 3 1 3 3 1 3 2 4 1 1 3 4 4 3 1 2 3 1 1 4 3 2 4 2 1 2 3 2 2 3 4 1 3 1 1 1 3 1 4 1 2 1 3 1 2 1 1 4 1 2 4 1 1 3 1 4 4 1 3 3 2 1 2 1 1 2 1 3 2 2 2 3 3 1 3 2 1 1 3 2 3 2 2 1 1 1 4 3 1 4 1 1 3 4 3 1 1 3 4 4 3 1 4 4 2 3 2 1 3 4 1 4 2 2 3 1 1 3 4 2 2 1 2 3 1 4 3 1 1 3 1 4 1 2 2 3 1 2 1 1 3 4 2 3 1 1 3 1 1 2 1 3 3 3 3 2 2 1 2 1 1 3 3 3 4 1 2 4 3 2 1 1 2 1 3 1 3 4 3 1 4 2 2 3 3 2 2 1 2 4 2 1 1 1 2 3 4 4 3 2 3 1 3 3 1 1 2 2 4 4 3 2 1 4 3 3 3 3 1 3 3 2 2 1 4 3 4 1 2 1 1 1 1 2 2 2 3 1 4 1 1 2 4 2 4 1 2 2 4 4 1 1 2 1 2 2 2 2 3 2 4 1 1 1 1 2 1 3 1 3 4 3 4 1 1 3 3 1 2 2 4 4 3 3 3 2 1 4 4 2 3 1 1 4 2 4 2 1 1 3 3 2 4 4 2 2 1 2 1 2 3 3 4 1 2 3 3 1 3 3 4 3 1 1 3 3 3 1 4 1 4 3 1 1 2 1 1 2 1 3 2 1 1 2 2 4 1 4 1 3 1 1 3 3 1 2 1 1 3 4 2 1 4 1 2 1 3 3 1 1 2 2 1 3 3 1 1 2 1 3 3 3 3 2 2 1 3 3 1 1 2 3 4 2 3 3 3 2 1 4 1 2 2 3 1 3 1 4 4 3 1 1 2 1 2 4 2 3 3 1 4 1 3 3 1 3 1 3 1 3 1 3 1 1 1 1 2 4 1 4 4 1 1 2 2 1 1 1 1 1 4 1 1 3 4 4 3 3 1 3 1 2 2 2 1 1 1 1 2 3 1 1 2 1 2 4 1 1 2 2 1 2 2 1 1 1 4 3 2 2 1 4 1 2 3 1 3 1 1 4 3 1 1 3 1 3 2 3 1 1 4 4 1 1 3 1 3 1 1 1 3 1 1 1 3 2 1 1 4 1 3 4 2 2 2 3 2 1 2 3 1 1 1 2 3 1 1 2 1 1 3 3 1 2 2 3 2 4 4 3 3 2 3 2 4 1 1 2 1 3 1 1 4 1 1 1 1 2 1 1 2 2 4 1 4 2 2 3 4 3 1 2 4 3 3 1 3 1 1 4 2 1 1 1 4 2 3 4 1 3 4 3 3 3 3 2 4 1 1 2 1 1 4 2 3 1 4 1 4 3 3 1 2 1 2 3 2 3 3 2 1 2 1 2 2 3 1 3 2 3 3 2 1 3 2 2 2 3 3 4 2 1 4 1 1 4 3 4 1 3 4 3 4 2 1 1 2 1 3 3 2 1 3 4 3 2 4 3 1 2 2 3 4 3 2 1 1 1 2 1 3 4 4 2 1 3 4 2 2 1 1 2 2 1 3 3 3 1 2 3 4 1 1 2 1 3 1 1 3 4 1 2 4 2 1 3 2 4 1 3 3 4 3 1 1 1 4 1 3 2 2 3 1 1 3 4 3 3 3 1 1 1 1 3 2 2 3 1 1 2 3 1 3 3 3 4 1 2 1 2 1 1 2 4 1 1 3 1 4 3 1 3 2 2 1 1 1 1 1 4 4 2 4 4 3 3 3 4 1 2 1 4 4 1 1 4 2 4 4 3 1 1 2 3 1 2 2 2 3 1 1 2 3 1 1 1 1 3 1 4 2 4 4 1 3 3 4 2 4 1 1 3 1 4 1 4 1 3 4 1 1 4 2 1 1 1 3 3 1 2 3 1 1 1 4 3 1 3 4 1 1 4 4 2 3 2 2 2 3 4 4 3 3 2 2 4 4 4 1 2 3 1 3 2 2 1 3 3 3 1 1 4 3 4 3 2 3 1 2 3 3 3 1 1 3 1 2 3 3 1 4 1 1 1 4 1 1 4 2 3 1 2 1 3 2 2 4 2 1 4 3 2 1 2 1 3 2 2 1 1 3 2 4 4 2 2 1 1 1 1 4 3 1 2 1 3 3 1 4 1 2 2 1 3 4 4 3 3 1 4 3 3 3 2 1 2 2 3 1 1 1 1 2 3 1 4 3 4 1 3 3 2 1 4 3 2 2 2 2 1 4 2 4 1 4 1 1 2 2 1 1 1 4 1 3 2 1 1 2 2 2 2 2 3 1 2 3 1 2 3 1 2 3 3 3 2 4 1 1 1 1 1 3 2 3 2 2 3 2 2 2 3 4 1 3 1 3 4 2 1 3 1 4 1 3 1 3 1 3 3 1 1 2 3 2 1 4 3 1 1 1 4 3 1 3 1 3 4 4 3 3 1 2 1 4 1 4 1 3 1 1 2 1 1 1 4 2 2 2 2 2 3 3 4 2 4 1 3 1 1 1 1 4 3 1 3 2 4 2 3 1 2 1 2 1 2 2 1 3 1 1 2 3 4 1 4 2 1 1 4 3 3 2 3 1 3 1 2 2 2 3 1 3 4 3 1 2 1 4 1 3 1 4 1 4 1 3 3 3 1 1 1 2 2 1 3 2 3 3 2 2 2 1 1 2 1 1 2 1 1 3 1 1 2 1 3 3 3 3 2 1 3 2 3 3 4 3 1 2 1 2 1 1 3 2 3 1 2 2 3 1 2 1 1 2 3 3 1 2 2 1 1 1 2 1 3 3 4 2 2 1 1 3 3 4 2 3 4 1 1 2 1 2 4 4 4 3 1 2 1 1 2 2 2 1 3 2 1 2 2 4 3 2 1 1 1 1 1 4 2 2 2 1 1 3 2 1 1 4 1 1 1 2 2 1 2 2 4 2 3 4 1 1 1 4 1 1 1 2 1 2 3 2 2 1 2 3 3 3 1 2 1 3 1 3 1 4 3 3 1 2 4 1 2 2 1 2 1 1 3 4 3 4 4 2 1 2 3 3 1 2 1 1 2 2 1 4 3 2 1 3 2 2 3 3 4 3 1 1 1 1 3 3 2 1 2 4 3 3 2 2 2 2 1 1 1 3 1 2 1 2 2 2 1 3 1 2 2 4 3 3 1 3 3 4 4 2 2 1 4 2 2 1 1 3 1 3 1 1 3 3 1 3 3 4 3 2 1 3 1 2 2 1 3 4 4 1 1 1 3 3 2 3 3 1 3 2 1 1 3 1 3 2 4 1 3 3 1 3 2 1 2 3 4 2 1 2 3 2 4 2 3 2 1 1 2 3 2 2 2 3 4 3 3 1 2 2 4 3 4 2 4 3 3 2 2 4 3 3 3 1 1 4 2 1 1 2 3 1 3 1 2 1 3 4 1 1 4 1 2 3 2 3 2 4 3 2 1 2 1 4 1 2 2 3 2 4 1 1 1 3 1 4 1 2 3 4 2 3 3 1 2 2 1 1 1 2 3 3 2 2 4 1 2 2 2 2 4 2 4 2 1 1 2 2 1 4 3 1 1 2 4 1 2 2 2 3 4 3 3 1 2 4 2 2 4 1 4 4 4 2 1 3 1 4 4 3 1 1 2 1 3 3 1 1 2 2 2 2 1 3 1 2 2 2 4 1 3 1 1 4 1 4 2 3 2 2 2 1 1 3 2 3 1 3 3 3 1 2 2 3 2 1 3 2 1 1 1 1 2 4 4 1 3 4 4 4 2 1 3 2 3 4 3 3 4 4 1 1 3 2 1 1 3 3 1 2 3 1 2 4 2 1 2 1 3 4 2 2 3 1 4 4 1 1 2 1 2 2 2 2 1 3 2 1 3 3 1 1 1 4 1 1 3 4 3 3 1 3 1 3 3 2 3 1 1 4 4 2 1 2 4 3 1

The profit of 1800 tasks
76 51 197 35 153 65 59 142 35 337 52 122 253 180 41 37 88 46 316 115 82 30 46 32 230 50 126 24 128 156 40 187 98 285 31 36 136 237 317 141 32 114 104 50 27 286 182 55 257 76 45 79 195 106 106 138 317 53 196 42 58 59 138 23 271 60 118 41 137 42 73 25 29 190 30 83 202 47 20 130 25 189 185 28 121 173 68 33 76 36 36 88 55 140 87 83 93 166 166 45 116 90 23 57 180 66 157 112 66 22 39 39 322 138 50 228 48 42 116 206 112 51 33 145 285 340 169 38 248 258 59 193 60 23 138 254 24 305 87 77 123 44 47 190 332 87 67 35 54 140 25 300 100 22 40 117 26 212 57 116 96 141 20 92 50 39 145 331 53 163 31 51 102 44 27 72 45 184 161 160 135 76 70 52 94 27 32 196 115 110 223 49 68 227 145 65 33 23 95 28 160 33 107 193 152 24 291 114 117 109 163 80 81 29 51 319 78 58 22 51 91 104 215 346 113 60 176 33 178 173 42 23 98 74 278 234 123 50 39 190 175 106 170 197 25 122 141 71 71 52 336 130 301 59 87 48 45 41 30 96 68 118 192 31 217 27 29 91 258 59 286 30 58 73 217 232 53 26 103 56 77 61 81 96 137 59 335 30 34 25 40 104 34 137 58 183 345 103 257 38 32 102 187 22 50 90 198 320 196 130 146 104 22 212 298 83 186 60 24 221 74 182 115 52 33 149 191 109 246 203 89 104 57 112 40 97 108 134 325 58 115 185 146 54 178 141 207 143 41 43 152 167 150 60 312 33 334 178 48 21 76 24 43 105 34 154 79 51 33 116 111 344 45 212 59 136 56 59 142 112 25 68 42 24 145 189 107 31 339 52 120 43 142 131 20 47 52 72 43 180 106 30 32 109 22 133 194 127 179 61 117 33 117 180 35 60 84 187 218 66 105 103 184 80 46 198 26 89 91 116 29 186 33 348 251 139 31 51 73 36 75 198 67 141 144 50 193 36 139 116 35 169 58 162 43 100 27 188 54 57 53 48 113 256 59 324 245 28 26 57 108 51 55 57 56 23 286 59 37 115 311 199 155 139 55 108 40 115 101 90 37 54 24 50 95 180 21 29 74 58 68 251 44 44 53 100 22 94 82 26 33 45 298 132 101 57 36 298 40 54 151 36 102 41 23 312 112 50 44 165 37 138 70 165 58 39 253 265 34 56 190 42 132 42 50 25 174 56 44 52 110 72 23 20 298 37 158 239 107 87 108 180 86 32 114 160 45 27 49 82 181 22 40 113 38 39 157 123 22 70 53 113 87 307 342 137 111 64 192 117 294 40 20 113 49 171 38 53 191 36 45 40 20 101 53 45 59 103 326 35 328 51 85 171 287 174 21 101 314 158 155 50 139 38 23 330 98 48 20 41 311 65 197 206 53 112 243 195 170 172 116 79 208 26 53 119 34 36 212 74 196 55 278 30 333 177 126 55 73 48 56 178 53 128 137 58 31 57 59 120 54 180 42 136 70 121 151 112 43 186 107 82 82 133 175 244 98 45 220 35 42 347 100 226 48 105 180 110 311 82 40 24 103 55 134 132 87 56 165 300 141 55 254 176 42 85 103 115 308 170 115 31 44 43 70 38 151 211 213 115 44 145 336 53 58 28 22 61 51 27 162 117 136 52 91 124 219 54 51 85 48 114 52 59 182 257 39 100 347 57 41 146 110 320 23 187 187 264 140 46 36 55 203 60 197 63 120 163 22 54 103 311 131 193 105 23 27 56 23 124 120 50 154 35 29 50 136 26 117 136 149 210 50 87 25 101 59 42 98 314 30 32 194 54 242 149 21 187 58 60 37 33 31 37 47 302 250 68 225 191 196 164 119 343 35 58 37 305 336 20 31 267 66 341 290 166 32 56 77 189 50 105 115 70 106 24 26 108 151 55 55 50 36 121 53 350 111 291 334 58 112 152 234 98 210 22 54 185 32 236 58 246 33 163 350 21 45 215 100 54 29 31 110 140 48 57 156 52 31 41 185 196 55 175 278 30 26 338 309 108 160 67 56 65 196 301 191 100 103 99 113 283 288 240 46 63 114 24 192 50 70 44 174 108 149 41 47 195 148 244 116 57 126 53 105 129 117 198 52 55 191 47 56 128 189 28 199 25 22 59 217 52 23 251 62 152 58 101 33 194 75 113 253 57 33 295 163 105 30 67 41 122 79 101 38 39 181 114 196 242 103 96 27 24 53 25 260 155 51 76 30 119 101 56 213 37 104 107 54 147 343 285 145 177 33 211 103 152 139 54 27 69 71 121 26 41 51 56 103 150 41 211 148 250 30 144 124 87 54 224 139 84 80 59 50 42 276 93 192 53 213 41 52 53 84 42 52 47 325 37 170 75 47 40 52 78 73 93 114 150 45 64 155 24 83 162 43 81 134 126 129 112 282 45 23 33 35 59 196 82 178 54 102 151 101 60 100 160 317 48 167 46 139 292 107 25 171 23 298 46 123 31 139 51 160 143 43 50 65 173 72 20 257 136 26 29 25 288 153 46 139 43 109 305 328 116 182 51 71 52 342 36 345 27 164 41 33 101 25 21 24 240 52 56 113 104 64 147 138 225 65 316 53 122 28 40 57 31 285 185 38 110 56 218 117 148 36 102 44 94 27 107 59 40 156 38 44 80 168 198 48 318 113 21 36 350 106 125 120 161 40 132 22 84 80 58 196 33 192 317 117 59 106 42 202 48 152 43 239 54 273 24 159 119 163 22 39 32 98 60 41 142 114 160 126 79 115 51 42 55 101 60 25 80 42 22 139 37 46 108 24 129 173 173 166 71 44 133 91 189 141 183 197 24 85 39 90 28 41 200 110 141 33 118 93 142 50 106 58 21 71 107 168 30 89 57 23 29 24 95 32 180 134 291 55 93 50 20 101 135 286 111 131 218 57 28 97 28 93 314 341 288 143 30 62 60 36 77 65 62 49 115 94 38 119 62 290 110 70 43 43 48 25 35 224 108 110 80 53 56 132 106 52 38 250 52 40 54 57 90 27 100 116 333 58 128 286 44 53 36 277 50 31 31 51 41 104 100 63 59 23 99 199 185 126 32 99 22 114 48 110 34 329 159 130 54 105 206 36 111 64 58 76 31 40 101 297 199 214 302 103 28 82 174 166 46 92 24 32 108 103 60 286 170 67 52 153 92 69 115 139 327 100 24 53 47 31 166 155 96 44 119 282 130 144 90 63 95 60 60 32 57 143 22 81 40 77 58 111 54 191 34 104 113 201 117 103 57 191 117 247 315 95 51 26 313 90 85 41 39 122 34 175 35 33 151 115 55 187 122 253 171 112 52 160 49 94 66 56 153 307 308 58 32 27 111 128 115 199 195 31 173 101 21 52 155 40 154 84 182 22 156 125 47 116 110 56 61 168 261 58 48 56 150 102 224 62 105 94 29 50 50 127 101 94 104 141 256 165 123 33 109 106 330 180 192 107 325 148 181 51 110 240 171 119 163 60 20 305 78 30 58 77 182 20 185 60 84 36 167 294 27 52 293 39 108 117 83 190 80 214 127 94 45 95 33 257 46 100 85 197 104 253 41 28 47 149 27 189 34 75 167 252 57 192 161 35 75 85 56 48 38 72 178 155 51 96 216 46 106 73 90 115 284 63 211 81 30 52 84 111 59 324 138 25 37 51 272 43 119 62 87 171 191 189 188 57 64 190 88 62 181 28 271 301 262 81 22 195 53 193 269 181 50 50 81 38 146 172 48 56 103 92 62 86 58 101 22 106 82 52 307 33 155 26 48 189 39 348 115 167 57 73 116 23 57 195 66 122 45 171 146 165 27 105 78 139 105 34 123 86 48 29 39 49 86 315 283 46 111 181 330 295 54 49 151 94 166 190 152 130 350 267 60 45 117 113 39 35 124 158 53 59 101 49 54 216 120 32 68 54 158 197 112 95 110 48 214 326 48 44 54 40 74 120 92 71 21 181 82 47 112 165 25 58 56 235 34 58 100 183 190 116 20 100 23 180 159 79 163 35 27 221 290 76 55 96 261 163 20

The bandwidth demand of 1800 tasks
29 27 53 8 74 13 33 79 5 46 25 64 60 58 4 8 39 8 105 24 29 6 4 6 68 4 94 5 62 58 6 62 28 101 2 6 82 55 81 71 8 25 75 6 3 104 87 10 119 38 7 34 58 36 28 71 68 4 61 3 2 2 96 7 96 5 26 7 76 5 20 6 4 120 5 26 49 6 5 88 8 62 58 8 51 58 33 6 19 5 3 34 4 89 12 30 23 61 89 6 63 20 8 8 60 33 53 38 33 3 4 7 118 93 8 105 5 8 75 113 62 8 4 57 78 94 80 5 119 59 19 85 21 4 84 71 8 92 34 39 93 7 4 67 75 33 10 7 22 72 4 90 51 7 8 77 3 118 6 28 19 60 2 36 7 6 57 81 18 89 6 5 90 4 2 32 6 63 50 58 85 20 18 6 35 5 7 66 75 56 46 7 16 82 98 17 5 2 26 8 90 4 90 40 94 3 94 25 19 95 87 15 12 7 19 83 27 7 4 3 38 50 84 92 75 17 74 6 99 81 3 8 36 16 42 81 69 12 3 98 61 77 78 55 5 56 99 30 30 3 110 53 77 3 39 7 3 7 3 35 20 27 85 5 99 7 7 28 51 15 83 3 32 21 94 86 6 5 25 5 14 17 37 15 81 10 69 5 3 7 8 16 3 72 7 86 62 57 86 3 3 84 81 3 17 32 66 104 88 82 73 30 7 80 109 27 76 6 8 93 24 118 21 3 5 79 55 34 100 120 21 38 4 32 3 30 54 75 67 5 28 52 94 7 72 93 111 89 8 3 73 58 58 7 73 6 116 74 5 7 24 6 8 12 4 80 17 4 2 30 39 54 7 82 3 55 4 7 78 65 8 24 6 2 97 112 23 6 89 6 32 4 95 71 5 4 12 13 3 90 61 5 7 17 2 88 51 90 79 12 39 5 61 74 7 6 10 100 78 13 69 59 59 30 5 112 5 28 32 51 2 74 7 71 55 63 8 4 20 6 37 55 22 70 76 6 64 7 50 75 6 75 7 84 6 62 6 76 7 7 3 7 28 87 8 43 67 4 4 23 21 4 4 4 6 3 62 2 6 66 86 57 93 73 3 100 4 37 14 21 4 4 6 7 31 68 3 6 36 8 38 97 5 7 14 24 5 39 26 8 6 5 53 89 32 38 6 63 2 37 69 8 88 3 3 45 72 3 5 85 7 90 15 61 4 8 102 108 8 7 78 7 60 2 5 8 80 8 6 5 70 36 4 3 97 7 81 81 15 24 26 91 17 3 33 68 7 4 8 24 95 3 3 33 5 4 54 94 6 32 34 91 32 119 76 90 79 33 71 13 53 5 7 11 7 60 5 8 81 4 3 5 5 38 3 5 10 26 66 4 45 27 37 71 40 63 4 13 43 70 85 7 83 5 4 118 16 2 3 2 117 39 81 68 5 85 63 69 61 79 94 28 101 5 7 31 6 5 100 37 55 3 53 6 87 86 65 2 33 3 24 64 35 75 57 35 6 26 6 16 30 64 4 55 39 71 97 14 4 84 16 13 25 79 80 115 35 7 53 8 8 118 75 107 4 56 93 88 51 10 6 3 36 5 83 87 28 7 76 111 81 18 64 75 6 19 22 73 118 54 32 6 4 3 14 8 95 66 100 23 6 66 43 24 31 3 4 32 18 8 75 87 87 4 37 52 112 3 8 21 3 88 3 5 80 52 5 40 115 30 4 83 14 92 4 51 100 71 96 7 6 5 64 3 93 13 37 92 4 4 87 85 85 51 91 6 6 5 3 86 19 35 51 6 3 39 95 6 83 58 98 117 7 31 2 38 7 2 38 113 5 7 75 5 116 86 5 53 38 21 3 5 3 6 6 75 56 37 47 67 68 82 75 119 2 24 3 80 91 8 3 70 33 102 110 77 6 3 28 76 4 25 30 36 95 3 5 34 84 3 5 5 3 60 6 108 22 74 45 3 87 58 53 35 52 6 4 75 8 111 4 65 3 68 82 5 7 42 40 5 6 2 76 97 4 37 94 4 6 3 118 54 5 93 87 7 7 105 97 17 99 15 28 20 71 87 77 61 64 30 23 105 58 80 7 37 72 3 84 10 39 3 68 71 64 6 7 40 63 93 57 27 83 3 34 66 78 98 8 8 98 5 22 77 70 7 66 7 6 8 106 6 5 49 38 71 7 27 6 84 14 35 47 24 4 77 75 31 5 32 3 68 31 29 6 7 81 32 120 89 29 32 4 7 5 8 71 62 3 21 6 90 57 5 97 8 38 11 4 98 87 78 63 57 6 54 58 99 50 12 3 35 23 62 4 4 4 8 11 99 6 88 65 66 4 91 66 22 6 83 97 12 16 15 20 2 95 31 97 7 45 6 8 24 22 4 6 5 87 8 84 17 2 8 30 18 21 28 21 67 7 19 52 3 40 81 3 11 73 54 65 39 112 2 4 7 8 8 85 39 91 31 14 66 25 28 32 81 66 8 81 3 98 59 14 7 74 4 100 4 84 6 83 3 89 77 4 5 30 88 38 2 62 76 5 4 6 118 90 3 97 7 62 86 74 75 93 3 21 3 113 5 118 5 84 7 7 15 3 7 7 112 20 29 22 36 30 63 74 83 36 66 4 67 4 5 2 3 42 100 2 94 40 103 23 77 3 40 8 19 8 21 35 2 97 5 4 24 96 115 5 55 19 2 7 44 77 65 12 79 5 54 6 31 19 40 52 3 65 87 76 4 35 4 109 7 84 7 90 3 95 4 84 83 74 5 8 7 12 14 3 81 39 69 64 12 15 12 3 3 13 5 7 32 4 7 80 8 5 34 8 60 80 56 75 29 5 78 27 67 50 49 61 7 39 5 33 5 7 94 12 64 3 38 35 58 3 18 7 5 26 98 63 4 32 14 4 4 6 20 7 73 86 104 20 30 8 7 63 78 65 36 97 40 5 3 30 3 14 57 77 76 69 6 19 3 8 25 34 25 6 68 40 4 22 31 76 82 27 5 6 6 8 8 90 18 25 22 5 4 63 27 6 7 117 4 4 3 25 35 6 32 28 73 22 100 112 7 2 4 62 3 6 6 10 8 37 56 11 38 8 22 69 86 63 3 25 2 67 2 96 8 109 92 99 5 20 48 2 35 35 6 14 4 3 69 44 66 94 116 27 4 24 93 54 3 12 6 4 26 21 5 43 58 27 6 60 32 33 99 60 87 64 5 4 5 6 84 87 17 3 25 113 92 87 23 29 33 39 4 4 3 52 3 34 2 13 17 24 5 94 5 26 30 82 52 54 8 84 74 101 114 33 12 4 72 32 29 5 4 89 7 80 4 3 88 71 5 72 92 74 91 37 4 68 7 40 19 5 56 101 115 3 6 7 68 61 10 54 57 7 97 19 8 3 67 5 76 25 105 3 59 66 3 94 24 4 38 64 53 39 5 38 71 37 102 25 59 15 3 4 20 76 17 17 36 78 67 87 73 4 14 21 119 79 70 28 79 64 92 27 26 75 70 62 67 5 3 62 30 3 4 32 53 5 98 6 30 6 100 89 5 5 80 7 20 98 31 71 31 103 57 11 7 33 6 44 3 30 14 77 21 94 4 4 7 58 8 57 2 21 87 93 29 63 87 3 38 37 6 3 3 34 72 81 34 38 54 8 21 36 33 16 116 16 95 20 4 3 16 13 2 107 91 5 6 25 46 3 22 33 15 70 98 64 57 5 28 105 38 31 95 4 119 73 87 13 5 89 3 114 42 84 4 3 39 6 73 66 7 5 35 26 32 23 7 79 3 31 32 21 119 4 76 3 7 89 5 77 24 54 19 26 32 6 4 94 17 94 4 57 56 96 3 13 16 50 31 3 75 22 3 6 6 5 29 45 106 5 76 95 105 106 38 6 66 13 59 91 81 96 90 117 3 5 74 28 7 8 78 93 7 35 87 6 35 76 14 7 20 8 81 88 29 34 83 6 84 100 4 7 19 2 20 17 22 21 3 90 23 7 64 64 6 6 5 97 4 5 87 104 84 73 5 89 4 56 50 18 74 7 6 117 88 14 5 11 115 67 2

The power demand of 1800 tasks
6 3 15 3 19 7 7 8 3 27 8 16 10 10 2 1 5 3 18 6 9 1 2 2 16 1 17 1 9 11 2 11 9 11 1 1 16 17 24 19 3 5 10 3 1 23 20 10 25 4 2 9 14 9 4 12 15 2 10 2 1 2 12 2 28 2 7 2 12 1 6 1 1 23 2 4 30 2 2 11 1 14 13 2 18 12 5 2 10 1 2 9 1 16 5 7 9 16 15 2 12 6 2 3 13 5 17 4 10 2 2 2 28 18 2 25 1 1 16 26 20 1 2 18 15 30 18 2 15 13 5 11 5 3 15 19 2 20 4 6 20 2 3 13 30 7 7 3 5 16 3 11 19 1 2 14 1 28 1 7 10 11 2 6 1 3 19 28 10 12 2 1 9 1 2 10 1 17 16 12 18 6 4 2 9 2 2 10 19 15 24 2 8 12 19 7 2 2 3 2 11 1 12 24 13 1 16 4 7 8 14 5 9 2 10 21 8 1 3 1 10 19 20 12 13 4 16 3 10 9 2 1 4 7 13 11 13 3 1 10 11 20 19 15 2 19 19 9 4 3 27 9 29 1 8 2 2 2 2 5 4 5 14 3 12 1 1 8 27 9 29 2 5 6 27 18 1 1 6 1 3 9 3 3 10 8 25 1 3 2 2 4 2 10 1 18 28 15 19 1 2 10 17 2 5 8 22 17 19 19 19 8 1 17 28 3 8 3 1 26 6 10 6 1 3 19 16 3 28 12 4 10 1 9 1 5 16 12 20 2 9 12 10 3 16 17 27 15 2 1 8 9 20 3 26 2 21 13 3 1 3 1 1 4 1 18 7 2 3 5 5 29 2 15 1 12 2 3 9 12 1 7 1 2 12 19 7 2 20 2 3 2 13 13 3 3 4 7 1 9 20 1 2 10 2 12 17 19 17 8 6 2 9 16 3 2 8 18 28 9 17 10 16 8 2 27 3 9 4 17 1 13 2 18 25 12 1 1 8 3 6 23 6 13 13 1 29 2 8 17 2 20 2 16 1 17 1 13 2 1 2 2 10 19 3 12 17 2 3 8 4 1 1 1 1 1 22 1 3 18 14 23 14 10 2 18 3 7 5 7 1 1 3 2 5 18 1 2 9 2 6 10 2 1 7 5 3 6 9 1 2 1 18 15 6 4 2 19 1 6 11 2 12 1 3 19 8 2 2 14 1 10 10 10 1 1 19 11 2 1 9 2 17 3 1 1 17 2 2 1 15 7 2 1 26 2 12 15 4 8 7 18 3 2 5 12 1 1 2 7 13 1 1 8 3 2 19 16 3 7 5 11 8 12 26 16 14 9 19 6 14 1 1 5 2 9 1 1 27 3 1 2 1 10 2 1 3 8 24 2 17 6 7 13 11 13 2 7 15 8 18 1 16 1 1 24 6 3 2 1 29 7 19 14 1 15 16 15 9 13 19 6 24 3 1 10 1 3 19 4 13 3 29 3 17 8 19 3 7 1 10 16 7 12 12 3 2 4 3 8 6 15 1 20 9 18 14 9 2 13 10 6 5 12 9 18 9 2 16 2 2 28 13 19 3 17 18 13 24 7 3 1 5 1 10 11 4 1 9 19 17 6 16 11 3 7 9 19 28 11 4 2 2 2 6 3 11 18 10 5 1 10 17 6 4 3 2 3 5 1 12 9 13 1 4 19 26 3 1 6 1 8 1 2 16 10 2 6 19 5 1 16 10 16 2 9 10 13 11 2 1 2 26 2 10 8 9 18 3 1 17 16 13 15 13 3 1 2 1 8 9 8 11 3 3 9 9 1 9 15 18 13 2 7 2 9 3 1 9 29 1 1 12 3 20 19 1 8 8 5 1 2 1 3 2 24 11 6 11 11 19 11 13 26 2 10 2 26 20 2 2 12 8 10 24 19 1 3 6 12 1 6 5 4 15 2 2 10 17 2 3 3 3 14 1 28 6 22 25 2 19 13 28 7 27 1 2 19 2 27 1 17 2 19 17 1 1 15 5 2 3 2 17 9 1 7 16 1 1 1 22 17 1 9 28 2 2 12 28 5 15 8 8 10 8 20 24 12 16 4 9 29 26 28 3 6 12 3 17 10 8 2 10 8 14 2 3 28 17 19 15 7 10 1 8 14 20 16 3 2 18 3 5 8 11 2 15 2 2 2 26 3 2 30 4 10 1 5 3 11 4 8 25 9 3 20 12 8 1 5 2 15 7 6 3 2 11 9 14 10 3 4 2 3 1 1 23 12 2 10 1 11 12 2 14 2 8 9 2 11 20 24 19 18 1 18 19 12 19 5 1 4 9 14 1 1 2 1 7 15 2 20 14 27 3 12 10 4 3 16 14 5 8 10 9 2 14 3 26 1 13 3 2 4 3 3 2 1 26 2 12 6 1 2 9 4 6 8 6 10 1 8 9 2 7 11 1 9 10 9 18 10 29 1 2 2 1 2 16 5 10 5 6 9 4 6 5 17 17 3 10 2 17 21 7 3 14 1 22 1 11 2 19 2 10 13 1 3 8 15 5 1 23 16 2 2 2 14 12 2 12 1 20 14 27 10 13 1 6 2 25 2 29 1 10 2 2 7 3 2 2 23 8 7 5 4 5 9 18 22 5 29 2 19 1 2 3 1 28 10 1 18 5 27 8 12 1 3 2 6 2 5 9 2 11 1 1 5 12 24 2 19 9 2 2 24 11 8 4 10 2 11 3 8 10 3 11 3 9 11 17 3 6 1 15 2 11 3 29 3 14 1 17 20 12 1 1 2 8 5 1 9 7 10 17 3 6 8 1 2 6 1 2 4 2 1 10 1 1 3 3 11 10 9 12 6 1 9 7 12 14 13 19 1 9 3 10 3 3 16 8 9 1 6 4 17 3 4 1 2 9 15 8 3 10 6 3 3 1 10 3 17 19 21 6 9 3 2 19 16 12 3 13 27 2 2 7 2 4 28 26 27 14 1 5 2 2 7 9 7 2 16 5 3 7 9 25 19 6 3 1 2 1 2 16 8 4 9 1 2 13 8 2 2 17 3 1 2 8 5 2 7 8 26 9 13 30 1 2 1 21 1 1 2 10 3 8 18 7 10 1 7 18 10 13 2 9 1 12 1 17 2 17 8 8 3 5 21 1 3 8 3 7 3 2 14 13 11 23 23 7 2 4 19 18 3 9 1 1 7 9 1 26 9 8 2 13 5 6 9 13 22 18 3 1 1 3 9 15 5 1 9 27 11 13 5 7 3 6 1 1 1 13 3 8 1 8 10 6 2 19 3 5 9 17 13 13 2 17 18 21 18 9 10 2 29 4 4 1 2 17 1 14 2 1 12 20 2 14 13 16 9 6 1 15 2 10 10 1 19 18 24 1 1 1 19 8 4 13 12 2 14 8 2 1 16 1 12 4 20 2 17 14 1 14 4 2 6 13 23 7 1 9 19 6 26 4 19 7 3 1 4 19 7 3 7 18 15 13 16 2 7 5 27 9 23 3 18 13 16 3 6 23 19 13 16 3 2 22 9 2 2 4 11 2 13 2 4 1 17 18 1 1 14 2 4 14 5 19 7 22 16 9 2 6 1 18 2 7 8 20 8 28 2 1 3 9 1 25 3 10 11 11 7 19 17 1 7 7 1 2 3 9 13 11 9 7 21 3 4 5 8 5 29 9 21 6 3 2 7 10 1 20 19 2 1 6 14 1 7 10 8 10 27 19 14 1 5 23 6 7 30 1 28 17 21 8 2 9 2 22 14 8 3 3 9 1 15 16 2 1 4 9 5 10 2 20 3 6 8 6 21 1 9 1 1 10 2 24 5 16 9 4 7 3 1 11 6 19 2 13 17 11 1 6 9 14 4 3 11 5 2 1 2 1 8 28 21 2 8 20 10 14 9 3 12 8 12 17 18 11 26 16 3 2 10 9 3 1 15 11 2 6 12 3 9 29 9 1 7 2 8 26 6 6 19 2 27 12 2 2 9 2 6 4 4 7 3 13 4 1 15 9 1 1 3 26 2 1 14 11 11 16 1 10 2 20 15 6 9 1 2 17 24 6 1 6 24 16 3
