B=40	N=1200	M=3	Cbw=35339	Cpw=8696

Modes
mode base_power
G 10
R 25
P 50

Task types
type name modes
1 enterprise_emergency G|R
2 maritime_airborne G|R|P
3 cellular_backhaul R|P
4 private_high_priority P

The bandwidth capacity of 40 beams
683 711 790 827 725 841 742 996 981 935
699 1068 696 710 968 1097 992 780 906 994
942 875 1070 981 792 896 967 791 1056 770
1132 904 704 992 977 1023 1078 753 788 707

The power capacity of 40 beams
249 165 213 170 186 181 233 202 226 258
195 228 212 211 224 248 222 177 264 210
200 213 218 202 222 257 205 249 181 172
261 214 234 214 262 251 193 181 251 242

The type of 1200 tasks
2 3 4 3 4 2 1 3 1 4 3 3 3 3 3 2 2 1 1 1 1 4 2 1 4 4 2 3 1 1 3 3 1 1 3 2 4 1 2 4 3 1 3 1 3 2 1 4 1 3 1 3 4 3 3 2 3 2 1 1 1 1 3 1 2 2 2 1 3 3 2 3 1 1 1 1 1 1 3 1 3 3 2 1 1 2 1 1 4 3 3 3 4 1 4 1 3 3 2 3 1 3 4 2 2 3 1 1 2 3 2 1 2 2 2 2 3 3 3 3 1 4 2 3 1 3 2 4 1 2 2 1 2 1 2 2 1 3 1 1 4 2 3 3 2 1 1 1 1 1 3 1 1 4 2 4 2 3 3 1 4 2 3 4 1 2 2 1 3 1 2 2 1 4 3 1 1 3 1 3 2 4 2 3 4 3 2 3 3 2 2 1 1 4 4 1 2 3 1 1 2 2 3 1 1 1 2 1 3 1 4 4 3 3 1 3 3 1 1 3 1 2 3 3 3 3 3 2 4 3 1 1 3 3 3 2 1 2 2 4 1 1 3 4 1 3 3 4 2 1 1 2 1 2 4 2 4 2 4 2 1 1 1 2 1 2 3 3 3 4 4 1 3 3 4 4 1 1 2 1 1 4 3 1 1 1 3 1 4 3 2 1 1 2 3 1 4 1 3 1 1 1 4 1 3 2 1 3 1 3 3 2 3 3 3 1 3 3 2 3 2 2 1 4 1 1 4 3 1 3 2 1 2 1 1 2 2 1 3 3 4 1 2 2 1 2 2 3 2 1 1 1 4 4 4 3 2 1 4 3 2 1 2 1 3 1 2 3 2 1 2 1 2 3 4 3 2 1 4 1 1 1 1 2 3 1 1 4 2 4 3 1 4 3 1 1 1 3 4 3 4 1 2 1 4 1 4 2 2 1 1 3 3 3 1 1 4 2 1 1 4 4 2 2 1 4 1 1 4 3 4 2 4 1 1 2 1 1 3 3 1 2 2 3 4 3 1 4 3 2 1 3 2 3 1 3 2 2 1 2 4 2 4 2 2 3 2 4 1 2 2 1 1 1 3 2 4 3 1 3 1 4 4 2 1 3 1 1 3 4 1 3 2 1 2 4 2 1 1 1 2 4 1 3 1 2 4 2 1 1 3 1 2 3 3 1 4 1 1 1 1 3 3 3 1 1 1 2 1 1 3 2 1 2 2 2 4 2 3 4 4 2 3 1 4 3 1 2 1 1 2 3 4 4 2 2 1 3 1 4 1 4 1 4 1 2 1 2 1 2 1 4 3 4 3 1 2 1 1 1 3 2 3 2 1 3 1 3 1 1 3 1 3 3 3 2 1 1 2 2 2 4 2 3 1 4 1 1 4 1 3 1 2 1 1 2 3 3 3 2 4 2 2 3 2 1 2 4 3 2 2 1 4 3 1 2 1 4 1 2 1 4 1 3 1 1 2 4 3 2 2 2 3 4 2 2 3 1 3 3 4 4 2 3 4 3 3 1 4 2 4 2 1 3 3 2 1 4 1 3 1 2 1 4 2 2 3 1 2 3 4 3 2 1 2 3 2 3 1 3 1 1 4 2 2 2 2 1 1 1 2 1 4 1 3 1 1 2 1 3 1 4 1 1 1 3 4 3 4 2 2 1 2 2 1 2 4 1 2 3 3 3 1 3 3 2 2 1 1 2 3 1 1 3 1 4 1 4 4 3 3 2 2 2 3 2 1 4 2 3 1 1 4 2 2 3 3 2 4 1 1 3 2 1 4 3 1 1 1 3 1 3 2 3 3 2 3 2 1 1 2 4 1 2 4 3 1 1 2 2 3 1 4 4 1 1 2 2 1 4 1 3 4 3 4 1 4 3 1 2 1 1 2 1 1 1 1 4 1 1 3 3 4 1 2 3 4 2 2 3 2 4 2 1 2 3 3 1 2 1 1 1 2 2 2 1 1 2 1 1 3 1 2 3 4 4 2 3 1 2 1 3 1 2 4 3 4 2 2 1 1 2 2 1 4 4 3 3 4 3 1 1 4 2 2 1 4 4 4 3 2 1 4 2 3 1 1 2 2 4 1 4 1 3 3 1 1 2 2 2 3 1 1 1 2 4 4 2 3 3 1 1 1 2 4 4 3 3 4 4 1 2 1 2 3 3 3 2 4 1 2 2 1 3 3 3 3 4 2 2 3 1 1 3 2 3 1 3 1 1 1 4 4 4 4 1 2 1 2 1 3 3 3 4 2 2 3 1 3 1 2 3 4 2 1 1 3 1 1 3 2 1 1 2 2 1 1 3 1 1 2 1 2 3 2 2 3 2 3 1 1 3 3 2 1 3 1 1 1 2 1 4 3 2 2 1 3 1 4 2 3 3 1 3 2 2 1 3 2 3 4 1 3 2 3 3 1 2 1 4 1 1 4 4 1 1 3 2 1 3 1 2 1 4 3 3 3 1 1 4 4 1 1 1 3 2 3 2 2 2 1 4 1 3 2 1 1 3 3 2 1 2 1 1 1 2 2 4 1 2 3 1 4 3 1 2 2 4 1 1 3 4 2 3 1 3 3 2 2 2 3 1 2 2 3 3 1 2 1 1 1 2 2 1 2 2 4 1 3 1 1 3 3 1 1 1 1 1 2 1 1 3 3 2 2 3 1 4 1 1 4 3 2 1 3 4 1 1 1 1 3 1 3 3 3 4 2 2 1 1

The profit of 1200 tasks
87 140 342 103 335 119 30 142 48 302 131 111 127 148 149 65 75 60 26 29 36 232 82 52 341 344 99 189 47 32 168 183 44 23 150 112 210 46 82 330 101 37 171 31 171 50 37 180 47 176 52 167 301 105 152 63 182 65 58 56 37 33 156 36 119 86 91 33 115 123 103 144 59 25 56 29 40 60 181 24 122 131 114 55 58 104 30 22 315 143 185 142 212 39 224 46 117 143 101 117 31 140 216 101 64 193 28 30 73 102 71 24 54 50 77 79 106 111 148 193 33 215 72 162 51 162 54 296 58 74 89 50 107 53 77 111 23 180 25 40 213 56 157 168 112 28 30 37 22 49 143 39 34 206 67 266 95 153 185 26 337 80 155 333 36 95 107 23 186 46 100 85 47 321 185 36 22 110 54 144 54 341 64 163 316 128 97 106 185 96 91 32 28 350 330 21 118 179 51 26 93 87 137 34 48 28 91 39 185 41 210 308 160 126 22 175 157 31 32 114 30 107 146 117 163 153 101 57 251 127 31 31 173 118 181 92 44 113 64 298 59 20 160 257 29 178 144 258 73 25 48 96 32 119 335 81 215 87 298 53 54 40 31 99 31 107 192 104 128 189 272 53 199 120 273 304 60 41 50 22 26 198 163 34 24 51 196 51 243 145 78 43 42 65 140 45 222 58 129 28 40 29 246 45 195 54 24 173 36 182 190 100 157 178 162 30 184 141 102 198 62 63 28 214 33 48 306 132 60 183 60 58 117 39 39 110 109 58 164 143 317 44 104 96 25 50 71 100 116 48 32 56 231 344 255 120 73 30 336 130 79 41 102 59 197 31 62 154 80 57 70 58 67 132 292 153 79 48 310 20 50 35 53 97 108 51 54 249 57 258 190 54 197 184 37 30 34 163 326 126 236 24 69 35 283 44 202 100 73 57 46 153 177 109 37 30 184 54 33 44 286 246 83 82 49 226 59 32 315 141 215 64 344 59 36 116 41 60 101 144 24 103 65 110 181 116 29 199 144 103 36 111 70 125 46 197 101 101 31 54 320 108 319 73 75 171 101 245 56 92 76 48 57 40 130 100 259 160 52 106 36 342 262 60 51 156 52 60 196 229 42 157 74 25 92 239 90 45 20 31 109 228 41 153 55 94 186 86 47 49 127 23 56 108 101 41 302 30 45 57 28 125 145 123 36 45 33 119 39 58 196 120 30 61 99 86 279 103 155 332 281 110 157 24 206 142 26 83 43 29 100 162 348 258 87 75 25 117 27 282 50 243 37 319 50 89 39 76 32 106 21 348 193 189 147 55 101 58 34 48 101 63 172 79 24 186 33 184 47 52 182 39 134 138 159 97 45 57 53 70 102 341 78 131 56 339 33 52 268 40 134 51 114 26 31 118 133 150 149 53 291 94 95 134 51 44 97 268 178 66 62 22 311 154 30 62 57 263 20 69 32 234 56 130 56 28 50 270 186 53 90 60 129 348 61 71 148 23 148 173 309 266 78 198 192 189 147 47 333 51 328 59 45 153 182 85 48 236 39 102 24 68 52 349 102 73 197 56 96 138 267 149 60 39 87 174 114 140 23 175 32 33 191 119 106 62 94 27 55 21 73 39 216 57 139 34 37 53 53 183 30 203 27 30 27 136 287 190 207 113 82 38 73 66 42 92 275 53 76 158 172 145 46 100 130 71 57 54 40 68 144 34 21 158 37 335 27 237 214 172 136 106 81 77 146 80 42 256 107 193 25 39 238 75 64 195 121 91 326 22 31 134 112 20 232 112 41 43 26 182 26 147 77 142 194 118 160 57 47 48 101 313 46 57 267 155 43 54 117 89 128 27 254 344 23 42 85 55 37 315 58 160 318 150 321 20 348 117 46 73 34 20 63 25 32 54 29 192 58 26 115 115 254 22 86 157 223 115 87 122 76 213 65 24 120 101 173 30 89 38 50 33 98 103 83 51 46 82 25 24 199 45 93 158 222 284 105 178 43 104 42 191 60 68 296 112 198 115 105 52 22 106 90 26 293 242 125 136 289 170 43 30 315 111 53 41 199 271 208 160 50 47 286 57 101 46 60 58 110 233 32 199 55 180 158 37 22 83 79 117 143 42 33 51 113 243 329 51 149 114 26 30 59 65 278 343 193 199 307 230 41 114 28 79 100 169 121 77 338 39 113 118 45 146 131 130 168 263 72 95 164 24 49 147 75 120 47 120 36 42 28 319 294 278 212 21 92 45 88 20 144 184 147 254 55 56 132 44 159 51 113 176 248 119 50 27 166 29 31 147 100 27 43 120 95 37 52 132 40 60 51 47 119 171 117 62 197 60 160 30 32 152 126 97 41 116 22 28 33 108 27 235 163 86 61 44 119 56 278 77 114 166 52 106 102 112 24 151 71 136 235 37 166 117 153 120 58 115 37 238 37 55 299 188 28 37 142 52 26 113 39 65 23 183 178 136 165 31 24 271 323 37 28 32 125 90 104 74 54 90 58 253 25 164 78 47 27 123 140 89 53 53 27 47 27 108 71 291 38 118 106 44 334 131 24 60 85 242 46 42 143 226 75 189 53 145 138 91 70 109 156 25 80 64 182 171 24 53 34 45 39 106 91 35 61 101 323 37 161 40 60 185 171 34 50 29 31 38 102 55 45 112 139 88 98 167 52 303 22 59 303 158 100 27 186 207 37 52 32 43 102 51 127 149 192 328 82 94 38 48

The bandwidth demand of 1200 tasks
11 70 100 88 85 14 6 100 5 81 86 77 82 88 56 22 24 7 4 7 7 118 21 5 88 104 31 84 4 4 92 83 3 3 70 28 67 8 29 58 96 6 89 7 74 14 2 111 4 57 3 85 108 81 71 24 61 18 4 6 7 5 99 4 24 11 17 8 85 89 15 64 8 7 6 5 5 3 83 2 52 91 22 3 5 30 7 3 68 93 76 81 103 6 78 7 61 88 33 74 4 54 62 30 37 50 7 2 26 70 24 7 14 27 38 30 51 64 64 59 6 56 13 54 4 69 28 55 6 32 11 4 35 6 37 30 4 95 4 5 45 28 86 73 19 3 7 4 5 2 74 6 4 82 19 73 36 62 83 3 42 17 56 95 4 26 37 3 88 8 40 35 4 102 80 7 3 97 2 95 19 52 26 85 83 80 38 67 68 38 30 5 6 80 117 5 36 95 8 6 37 28 63 6 3 5 20 7 90 4 45 91 72 52 4 58 99 2 7 80 6 34 86 80 63 53 78 31 115 56 4 7 55 53 95 29 4 29 22 88 2 2 80 118 5 59 52 73 12 3 7 29 7 15 58 32 98 29 117 18 2 6 4 10 6 25 72 97 84 104 88 3 78 56 69 104 7 7 38 7 4 82 56 4 6 7 89 7 76 64 13 5 5 27 53 4 72 2 74 6 4 4 113 5 67 11 6 80 3 95 64 20 97 95 72 7 90 69 34 92 26 30 8 44 4 2 94 90 4 51 38 5 39 5 4 32 21 3 64 95 91 8 39 34 6 12 39 78 34 2 7 3 109 77 85 74 20 7 59 85 28 5 37 4 92 3 39 80 36 5 22 4 28 93 42 84 22 4 120 4 3 3 3 37 78 5 6 97 20 77 83 7 117 57 5 6 6 83 51 82 43 6 12 4 77 6 107 29 29 3 7 60 85 75 5 2 100 37 3 5 118 81 12 22 3 44 5 5 80 54 78 32 68 6 4 31 3 3 64 66 2 38 24 57 93 68 8 86 67 22 8 69 34 80 5 63 34 29 4 34 71 34 65 27 27 84 18 115 8 25 31 2 4 6 82 17 50 89 5 77 3 116 86 39 2 70 6 2 84 70 6 84 18 5 24 89 26 2 7 4 16 119 7 94 4 20 84 19 3 8 65 7 13 71 70 5 96 8 6 5 5 86 89 68 4 5 6 17 7 6 73 22 3 33 32 39 45 21 58 111 66 40 76 6 119 87 8 24 8 3 16 86 106 91 21 23 4 88 8 70 3 40 3 42 4 37 6 18 7 21 5 51 64 110 79 4 26 5 4 5 67 24 98 14 4 55 5 83 4 5 87 5 65 53 67 24 4 5 13 34 18 94 25 60 2 71 6 8 116 3 89 5 12 6 4 13 68 90 88 36 58 25 20 70 34 6 33 82 66 23 36 6 78 58 3 14 3 105 2 28 6 105 4 60 6 3 29 81 79 18 36 10 78 44 24 24 93 2 67 94 78 119 17 91 114 78 71 6 64 12 53 11 7 86 99 11 7 94 3 83 4 33 4 60 20 34 73 5 25 67 87 92 22 5 12 90 32 55 2 81 3 6 92 15 17 15 15 7 6 6 11 7 46 6 58 5 6 32 4 52 7 110 6 6 2 95 96 82 64 16 28 4 10 40 6 23 89 2 17 86 78 71 6 81 54 29 38 5 6 12 63 4 7 60 8 101 3 88 97 65 93 17 40 28 84 28 4 79 28 67 3 6 87 11 25 68 92 40 53 4 7 66 15 5 78 50 6 6 8 65 7 96 40 68 86 36 92 26 5 3 25 48 5 26 56 91 8 6 19 29 66 2 62 100 8 8 21 15 4 64 4 52 59 67 95 2 42 100 7 29 2 8 38 7 4 8 7 107 2 8 58 62 44 7 12 53 71 12 29 50 14 41 22 2 30 56 95 8 40 6 3 8 35 15 28 4 7 14 8 6 73 4 40 88 42 79 19 69 6 36 7 97 4 20 58 63 71 13 39 5 3 39 29 7 43 59 84 92 112 81 7 6 114 23 16 2 88 42 102 96 11 4 50 39 63 7 8 19 32 96 8 49 2 77 82 4 7 28 37 30 71 7 6 4 25 101 115 25 65 82 3 8 5 27 70 87 76 85 101 52 4 34 2 12 73 88 67 24 103 2 36 32 2 70 76 95 60 107 21 31 72 6 2 59 30 62 3 86 4 4 3 98 64 106 99 6 25 4 25 8 74 69 74 63 27 28 56 4 76 3 24 83 67 20 5 7 51 5 8 100 32 7 3 37 37 4 7 75 3 8 33 2 23 67 32 11 73 36 86 6 6 69 53 33 3 86 7 6 3 35 4 117 56 35 36 6 71 4 67 30 64 78 5 85 17 26 4 55 32 87 48 7 66 12 68 72 6 14 3 105 5 5 80 67 3 6 62 32 6 93 5 37 4 97 70 88 67 6 3 117 108 6 4 5 71 25 77 16 32 18 3 56 4 81 33 3 7 98 68 32 3 33 3 6 4 12 26 91 5 21 84 2 112 89 4 17 29 100 7 5 63 114 16 51 3 81 65 18 17 18 98 2 28 29 53 78 5 30 6 8 4 36 25 5 26 23 53 2 73 7 5 78 80 5 5 3 5 6 29 8 5 69 78 37 11 77 6 83 6 7 68 89 30 5 93 118 3 3 4 4 78 8 74 97 100 47 34 17 2 8

The power demand of 1200 tasks
3 19 27 19 19 8 2 11 1 15 15 18 10 17 15 7 6 2 3 1 2 10 7 2 23 11 10 17 1 2 20 17 1 2 19 9 16 1 6 11 10 1 12 3 11 5 1 18 2 12 1 10 26 16 15 10 10 8 1 2 1 2 20 1 7 4 4 3 18 11 7 14 2 2 1 3 1 1 17 3 13 16 10 2 1 6 2 2 13 15 17 11 25 1 28 2 15 17 8 14 3 14 28 9 8 17 1 1 5 9 8 3 7 8 4 5 10 18 10 17 3 13 5 15 2 18 5 19 2 3 6 3 5 3 10 9 3 18 2 2 15 8 12 12 10 2 1 1 2 1 8 3 3 29 9 28 9 10 14 2 14 8 10 19 1 6 4 1 16 2 10 7 1 23 20 1 1 16 1 9 10 21 4 15 16 15 9 19 9 3 5 1 3 25 26 3 5 9 1 1 5 5 10 2 2 2 4 1 16 1 16 18 14 18 3 13 10 3 3 10 2 4 8 17 16 12 15 8 27 12 3 2 19 8 10 6 3 3 9 26 2 2 19 18 2 11 16 21 10 2 1 5 3 8 20 4 30 3 19 6 3 1 3 5 1 9 11 9 19 23 24 2 16 14 23 11 1 1 8 2 2 21 14 1 2 2 13 2 23 9 4 2 1 5 11 1 11 3 10 1 2 1 13 2 10 5 2 13 1 15 13 9 17 15 9 1 10 16 9 13 7 9 2 26 1 2 25 10 2 15 7 3 7 1 2 5 10 1 11 8 14 1 3 8 1 9 5 10 6 1 1 1 22 26 14 18 6 3 29 19 9 1 4 2 8 2 6 12 6 2 6 2 9 9 17 10 6 2 24 3 1 2 1 5 17 1 2 24 5 20 11 1 22 14 1 3 3 17 15 17 12 1 6 3 24 1 21 5 8 1 2 11 11 16 1 1 26 5 1 1 21 21 9 9 1 27 2 1 30 12 12 8 22 2 1 4 1 3 17 15 1 7 4 14 30 18 3 19 14 7 2 18 4 11 2 19 5 10 2 7 16 9 14 5 7 19 6 15 1 10 9 2 3 2 13 3 30 16 2 16 1 22 17 6 2 19 3 1 10 13 1 13 4 1 9 23 5 1 2 3 9 30 2 15 2 3 12 6 3 1 9 2 8 15 14 1 12 3 2 2 2 10 18 15 2 2 1 5 1 3 15 6 2 5 8 8 11 9 17 19 11 8 13 1 21 10 1 6 1 1 9 17 20 19 6 9 1 17 1 23 2 26 3 28 2 9 3 9 2 8 2 12 9 23 13 1 6 2 1 1 15 5 10 3 2 14 2 19 1 1 13 3 19 16 10 8 1 1 6 6 9 22 6 12 3 28 3 3 22 2 13 1 7 2 2 7 12 13 16 3 28 9 7 8 4 3 7 15 17 6 5 2 20 20 2 4 1 21 2 5 2 20 1 11 1 3 6 19 18 9 3 8 14 24 8 4 9 1 15 16 24 16 5 13 21 17 9 3 15 9 29 7 2 18 19 10 1 11 1 8 2 5 2 11 9 4 17 2 9 14 15 15 5 2 5 20 5 12 2 11 3 1 21 6 10 6 7 3 2 2 9 1 20 2 14 3 3 6 3 17 1 22 2 1 1 19 19 19 17 10 4 1 4 5 2 4 23 3 6 20 17 18 1 11 17 7 7 1 2 6 16 2 1 17 1 27 2 20 17 15 17 4 6 9 20 6 2 12 9 18 1 2 12 4 5 10 14 6 21 1 3 17 5 3 19 13 2 2 1 14 2 20 8 18 14 6 11 7 3 1 4 16 1 8 27 12 2 1 6 3 19 1 18 28 2 2 4 6 1 28 1 11 20 11 21 1 19 17 1 5 1 2 7 3 2 2 3 24 3 1 8 15 19 1 4 8 23 8 9 13 7 16 8 1 8 10 8 1 9 2 1 1 5 8 7 1 1 4 3 2 10 3 4 18 24 14 3 15 1 7 3 20 1 4 27 10 28 4 7 1 2 9 9 3 26 10 18 8 26 16 1 2 29 3 9 2 23 12 11 20 3 1 22 10 17 1 3 4 9 19 2 19 1 17 16 2 2 6 4 4 19 2 2 1 9 21 15 8 15 14 2 2 1 5 25 17 15 12 24 21 2 10 3 7 20 19 20 9 11 1 4 5 1 14 14 11 14 11 6 7 16 1 1 17 9 17 1 14 2 3 2 18 30 14 25 2 6 1 7 1 14 17 10 11 8 6 14 3 13 1 5 11 16 10 1 2 12 3 1 17 7 3 1 6 7 1 2 14 2 2 5 2 10 14 8 8 17 8 20 2 1 19 19 7 2 17 1 1 3 6 3 29 11 9 4 1 19 1 13 7 20 14 2 18 9 6 2 11 4 18 12 3 20 6 18 16 1 4 1 19 3 2 25 28 3 2 12 4 2 9 2 5 1 21 13 12 15 2 1 11 28 1 2 2 19 9 20 4 5 7 2 13 1 13 6 1 3 14 14 4 1 5 2 2 2 4 4 20 2 5 10 2 28 9 2 7 7 23 1 2 19 19 7 11 2 18 17 4 9 8 11 1 4 9 15 9 1 8 3 1 1 3 4 2 3 4 30 2 12 1 2 12 14 2 3 2 3 2 3 1 2 17 8 5 5 11 1 29 1 1 19 15 7 2 18 16 1 1 2 2 8 1 15 17 9 18 7 5 1 1
