B=10	N=300	M=3	Cbw=8607	Cpw=2169

Modes
mode base_power
G 10
R 25
P 50

Task types
type name modes
1 enterprise_emergency G|R
2 maritime_airborne G|R|P
3 cellular_backhaul R|P
4 private_high_priority P

The bandwidth capacity of 10 beams
626 946 877 831 999 877 859 797 932 863

The power capacity of 10 beams
199 220 228 250 189 195 216 211 222 239

The type of 300 tasks
3 3 1 1 3 1 4 2 4 2 1 1 3 2 1 2 1 3 1 3 2 3 1 1 3 1 1 1 3 3 2 1 4 1 1 1 3 3 2 1 1 1 2 1 1 2 3 2 4 3 1 4 2 4 3 2 1 1 1 2 4 3 3 1 2 1 1 4 1 2 3 1 4 4 2 1 4 1 3 3 1 4 3 3 1 3 1 3 1 2 1 3 2 2 1 4 1 1 1 4 2 3 3 3 1 3 3 2 3 4 2 4 2 2 3 3 1 2 4 3 3 4 2 3 2 1 2 1 2 1 1 2 2 1 1 2 2 4 2 2 2 1 4 1 3 1 4 1 2 1 1 4 3 1 2 1 4 3 2 2 1 2 3 3 3 4 1 1 1 1 1 1 2 1 1 4 2 2 3 2 1 1 3 4 4 1 4 4 1 1 4 1 4 3 2 1 3 4 2 2 1 3 1 2 3 1 2 2 1 1 3 4 3 3 2 1 4 4 2 4 3 2 3 4 3 2 3 2 3 1 3 2 3 1 3 2 1 2 2 2 2 1 1 1 3 1 3 3 2 4 4 3 3 1 2 2 2 1 1 1 1 3 1 1 1 2 1 3 2 3 4 2 4 2 4 1 3 1 3 1 3 1 2 3 1 2 3 1 4 1 3 3 4 4 1 1 3 2 2 2

The profit of 300 tasks
172 107 50 46 108 27 320 95 331 58 48 27 170 98 54 81 36 172 29 128 113 125 56 55 145 29 33 37 191 195 86 53 290 34 38 33 100 174 80 44 20 57 118 28 28 72 148 76 238 200 60 265 62 215 132 70 22 54 51 79 279 113 187 31 71 34 54 242 32 95 168 36 316 219 87 41 342 40 104 179 21 245 168 137 35 154 28 113 56 65 55 118 62 99 53 315 39 47 44 186 87 115 156 125 28 175 141 101 143 297 78 340 112 110 167 163 26 80 294 186 182 192 67 146 55 33 79 49 108 54 26 97 51 50 47 91 91 294 60 70 91 26 258 35 113 43 193 54 116 21 58 339 182 29 105 32 284 174 95 93 57 81 186 193 108 237 33 45 24 29 37 38 70 57 24 196 90 71 181 119 48 23 131 188 287 21 253 305 37 54 254 46 341 103 93 51 133 287 51 68 53 118 58 50 121 26 57 84 22 43 120 312 143 152 66 37 308 272 104 339 166 97 158 319 144 54 115 51 158 27 132 57 122 22 109 62 28 78 120 76 106 55 21 27 137 56 195 137 70 234 214 199 129 34 113 87 69 21 52 52 24 192 35 37 59 81 24 197 91 169 275 62 268 87 347 24 167 31 152 44 130 50 102 179 20 75 100 56 299 42 173 109 222 204 51 23 149 80 94 86

The bandwidth demand of 300 tasks
64 55 3 4 56 4 84 14 62 27 7 5 59 23 7 36 5 90 6 69 21 75 2 2 50 3 5 7 99 71 18 3 62 7 3 6 61 53 19 5 8 2 17 3 3 19 83 18 65 50 7 119 36 115 89 29 6 7 5 30 109 90 63 3 14 4 5 108 3 33 92 7 41 64 20 6 63 2 51 56 3 44 57 83 7 77 4 84 3 29 7 98 13 23 6 56 8 4 2 115 18 72 66 80 4 97 81 11 59 102 30 111 21 12 89 50 7 10 118 89 88 87 20 79 31 3 14 7 10 7 6 13 14 3 7 26 38 54 39 15 39 4 79 7 57 2 79 7 32 6 2 74 77 4 22 3 60 73 22 31 3 24 87 84 86 55 5 7 5 7 6 4 35 8 6 116 28 18 65 20 7 2 68 87 107 8 86 95 7 4 61 6 64 83 28 4 57 75 34 19 7 71 8 23 77 2 13 32 3 5 81 68 50 50 27 5 79 65 23 70 53 18 96 118 95 33 88 34 85 8 52 29 79 5 91 20 7 30 37 16 10 6 6 8 66 2 92 58 18 44 103 84 87 4 22 39 38 7 7 5 3 96 3 6 4 36 5 69 21 99 73 30 42 26 49 5 79 5 75 5 98 2 27 57 7 28 95 3 71 7 58 55 104 56 6 7 64 34 23 25

The power demand of 300 tasks
15 20 2 3 16 3 15 9 21 7 2 1 17 7 1 10 1 16 1 19 4 19 1 1 14 1 1 2 16 11 8 3 21 2 1 1 14 15 10 2 2 1 4 2 1 7 12 7 10 10 2 27 8 19 10 7 3 2 3 7 23 10 15 1 3 2 1 24 1 8 20 1 11 16 8 3 14 2 19 17 1 16 15 12 2 9 2 17 2 9 1 13 4 8 1 25 3 2 2 13 9 9 18 14 1 9 8 6 14 28 7 20 9 9 16 20 2 9 18 10 15 27 10 11 8 2 5 1 4 2 2 8 5 2 2 8 6 21 5 9 4 2 12 2 15 2 25 1 6 1 2 13 15 3 4 1 11 11 4 8 2 3 16 10 12 23 2 1 3 2 1 3 9 2 2 13 7 8 17 7 2 2 18 19 29 2 21 21 1 1 15 2 26 8 9 3 17 14 8 4 1 11 2 9 9 3 7 10 2 3 17 21 17 16 8 1 16 20 3 25 11 7 11 17 20 9 18 9 13 1 19 9 16 1 17 7 1 8 4 7 9 1 2 2 9 1 15 17 9 27 23 11 14 2 4 8 9 1 3 1 3 12 2 1 2 7 3 11 6 17 17 10 24 6 13 2 17 1 8 2 20 2 9 11 3 4 15 2 18 2 15 8 18 10 1 1 8 10 9 9
