B=100	N=3000	M=3	Cbw=87706	Cpw=21473

Modes
mode base_power
G 10
R 25
P 50

Task types
type name modes
1 enterprise_emergency G|R
2 maritime_airborne G|R|P
3 cellular_backhaul R|P
4 private_high_priority P

The bandwidth capacity of 100 beams
880 843 683 1047 943 968 846 932 1026 1079
1043 871 714 948 862 694 763 932 716 1039
736 795 764 1071 1052 938 921 1076 914 998
659 1039 746 993 835 736 950 925 824 970
1068 1075 748 1061 996 964 1060 830 703 791
1057 796 744 927 1019 981 794 680 863 683
1049 840 1070 745 941 903 877 797 1010 828
698 737 858 786 870 925 1022 1005 695 871
782 703 762 865 896 977 794 690 769 858
881 972 1049 804 890 686 683 695 969 843

The power capacity of 100 beams
179 178 221 252 182 219 219 182 239 233
205 182 215 191 175 269 217 200 219 194
225 173 167 178 263 232 167 231 222 184
165 190 243 180 163 253 256 236 181 224
206 188 165 203 219 199 257 269 245 261
248 209 271 260 189 202 209 227 235 235
183 193 183 220 252 209 210 268 266 215
196 214 250 216 245 211 186 179 233 215
178 169 195 270 210 260 269 241 190 257
190 226 184 241 226 254 182 217 182 187

The type of 3000 tasks
3 1 4 4 4 4 3 2 1 1 3 2 1 2 2 3 3 1 4 1 1 3 1 4 4 4 1 1 1 2 2 4 4 3 4 2 2 2 3 2 1 1 2 2 1 3 2 1 1 4 1 4 2 3 1 1 3 1 3 4 2 1 1 3 1 1 2 4 3 2 4 3 1 1 3 1 3 3 4 1 2 4 3 4 2 1 1 3 1 1 3 2 2 3 4 4 1 3 4 1 2 2 1 1 1 2 2 3 2 3 1 3 4 3 1 1 1 1 1 3 3 2 4 1 2 4 2 1 3 3 3 2 1 1 1 3 2 3 2 1 2 4 1 1 1 3 3 1 1 1 3 2 1 3 4 2 2 1 1 1 3 3 1 1 1 3 4 2 3 2 1 4 4 3 2 4 2 4 1 2 3 3 2 3 3 2 1 1 2 3 3 3 2 2 1 2 2 3 2 1 4 1 3 3 2 3 2 1 1 3 3 3 1 1 2 2 3 1 1 2 1 1 1 3 1 4 1 3 2 2 4 2 2 4 1 2 1 3 1 3 4 2 3 4 4 1 4 2 1 1 1 3 1 3 1 4 2 3 1 1 4 3 3 2 4 3 4 1 1 2 3 1 1 1 3 2 3 4 4 1 2 3 1 1 1 3 3 2 2 1 3 1 3 3 4 2 2 2 1 2 1 2 2 1 4 1 3 1 2 1 2 2 3 1 2 4 1 2 1 2 2 4 1 1 1 2 2 1 2 1 1 3 2 4 3 1 1 2 3 4 3 2 4 3 1 3 1 1 3 4 1 2 3 1 3 4 3 1 3 1 1 1 3 3 3 1 3 2 1 4 1 4 2 1 4 1 1 1 3 1 1 1 4 3 1 2 2 3 1 4 1 1 1 3 4 2 2 2 3 1 1 3 3 1 3 1 2 3 3 2 1 3 4 1 4 3 4 1 1 1 2 1 3 3 4 2 1 2 2 2 3 4 2 2 4 1 3 2 2 4 1 1 2 3 3 1 4 2 2 1 4 3 4 3 4 2 3 2 1 4 2 3 3 2 2 1 1 4 1 1 3 2 3 2 3 4 2 1 4 1 2 1 3 2 4 1 4 1 1 1 3 1 2 3 2 3 3 1 2 4 1 3 3 1 2 2 2 2 2 2 4 3 1 1 1 1 3 1 3 1 3 1 4 3 2 2 1 3 3 4 1 1 1 1 1 4 2 4 1 3 3 3 2 1 1 4 4 1 4 3 2 2 2 3 3 3 2 3 4 1 1 1 3 2 2 2 1 1 4 1 1 1 1 3 3 1 2 3 3 2 2 1 1 1 3 4 2 2 3 4 1 1 1 1 3 2 1 1 1 1 1 1 4 3 1 1 4 3 1 3 2 2 1 1 3 2 1 4 3 4 3 3 4 3 2 1 1 4 3 3 2 4 1 2 1 1 3 3 2 3 2 3 4 3 3 2 2 1 1 1 4 2 1 2 1 3 3 2 2 3 2 2 1 1 2 2 1 4 3 1 1 1 1 1 2 2 2 1 1 1 3 1 1 1 3 1 4 1 4 2 1 1 1 1 2 3 1 2 3 3 1 4 4 1 1 1 1 4 4 3 2 1 2 2 3 1 4 1 3 1 3 4 1 1 1 3 1 3 2 3 3 4 4 1 2 1 2 2 3 2 2 1 2 2 3 1 3 3 2 1 3 1 3 1 3 1 1 1 1 3 1 2 2 3 2 4 1 3 2 1 3 3 1 2 1 3 3 4 3 2 3 1 3 1 4 2 1 2 2 4 1 3 1 4 4 3 3 1 2 3 1 2 3 1 2 1 2 1 2 2 3 4 3 3 2 1 3 3 1 1 4 4 1 2 2 3 4 4 4 3 1 3 1 1 3 1 3 2 1 4 3 3 1 1 2 4 4 4 4 3 3 3 4 2 1 3 4 4 1 2 1 2 1 1 1 2 1 1 4 4 1 4 4 1 1 1 2 3 1 3 2 2 3 2 3 2 1 1 3 2 1 3 3 1 4 1 2 3 1 2 1 3 2 2 1 3 2 1 3 3 1 1 2 4 2 4 2 1 1 2 3 3 1 4 3 1 3 1 2 2 2 3 2 4 1 1 3 4 3 4 3 2 4 1 4 2 1 1 2 4 3 2 3 3 1 4 2 3 2 2 1 1 1 2 2 1 3 3 3 4 1 3 3 2 3 2 3 2 4 4 4 4 2 1 2 3 4 2 2 4 4 1 1 1 2 1 2 2 1 2 1 4 1 2 3 1 3 1 4 4 3 2 2 2 3 1 2 3 1 4 3 1 2 2 3 3 1 1 2 4 2 2 1 4 2 1 1 2 2 1 1 1 3 1 4 1 3 2 1 2 1 2 2 1 1 3 3 1 3 3 2 4 2 3 2 3 1 2 2 1 3 3 2 3 4 3 1 1 4 2 2 2 4 1 4 2 3 2 1 3 2 4 1 1 3 2 3 2 4 1 4 1 3 2 3 4 3 1 2 1 3 3 3 2 1 3 4 2 1 1 1 1 1 3 4 4 3 3 1 1 1 4 1 2 4 2 3 1 4 1 1 2 1 1 1 2 3 3 3 1 1 3 3 3 2 2 4 1 2 4 1 4 3 1 4 1 3 1 3 1 2 1 1 1 3 4 1 1 1 2 3 1 3 2 2 1 3 2 3 1 2 1 1 1 1 3 3 3 2 2 1 1 1 2 1 1 3 1 2 2 3 3 3 2 3 2 2 1 1 2 3 1 2 1 3 1 2 2 2 3 1 1 1 2 1 1 3 4 4 3 1 1 2 4 2 3 3 2 1 4 1 2 1 1 3 2 1 3 1 1 4 2 2 3 2 3 4 4 1 4 1 4 1 2 1 3 1 3 4 1 4 2 1 1 4 2 3 3 4 1 4 1 2 1 3 3 3 3 1 2 1 1 1 3 2 1 1 3 2 2 3 3 3 1 4 4 3 2 3 4 2 2 2 1 3 2 1 1 3 1 4 1 3 2 1 1 1 2 1 2 3 4 1 1 1 2 1 1 1 1 3 4 1 1 4 2 3 1 1 3 4 4 2 1 3 3 1 3 2 3 1 3 1 3 1 4 2 1 2 1 3 2 2 2 4 1 3 2 2 1 1 1 2 4 1 1 3 3 3 1 3 1 2 4 1 2 3 3 4 2 2 3 4 1 2 2 1 1 1 1 1 4 2 1 3 1 2 2 2 3 1 4 3 1 1 3 1 4 1 1 2 4 3 3 3 3 3 3 2 1 4 4 4 3 3 1 2 3 2 4 1 1 4 4 4 2 2 3 4 1 3 3 1 4 3 1 1 3 3 2 3 2 4 3 1 1 3 4 1 3 2 3 3 2 2 2 1 1 1 1 1 2 3 4 3 3 1 3 2 2 1 2 4 2 3 2 2 1 3 1 4 2 3 1 1 1 4 1 2 2 2 1 4 3 1 4 4 3 3 1 2 4 2 3 2 2 2 4 4 1 3 1 1 2 3 3 1 1 2 2 1 1 2 2 2 3 1 4 1 3 1 3 3 2 4 2 3 2 2 2 3 1 3 3 4 3 1 1 1 3 2 2 2 1 2 1 2 4 1 1 4 1 1 2 4 2 2 2 4 1 2 1 3 1 2 2 2 3 2 4 2 2 1 1 1 2 1 2 3 2 4 1 3 2 3 2 1 2 1 1 1 1 3 1 4 3 2 3 1 1 4 3 1 3 3 4 1 1 1 2 1 3 3 4 4 4 1 3 1 1 1 1 3 1 4 3 3 2 3 3 3 3 4 4 2 1 1 3 2 3 3 4 2 2 3 4 1 3 1 1 1 3 3 2 1 4 4 1 1 4 2 1 1 3 4 4 1 2 1 3 2 2 2 2 1 1 1 2 4 2 1 3 1 2 1 1 1 3 2 2 2 1 2 3 4 1 4 1 2 4 2 3 2 3 1 1 3 2 1 1 3 2 2 1 2 1 1 2 2 1 3 1 2 2 2 2 2 3 2 3 2 2 4 3 1 1 2 3 2 1 2 4 3 1 2 3 2 2 3 2 1 4 3 3 2 1 1 3 4 4 3 2 2 2 3 2 2 3 4 3 2 3 3 3 1 1 1 1 1 2 4 2 3 4 2 2 1 4 1 1 3 4 1 4 3 3 1 3 1 4 1 1 3 3 1 1 2 4 1 3 3 2 3 3 3 4 2 2 1 1 2 3 1 3 2 2 3 1 3 2 3 1 2 1 1 1 1 2 1 1 3 3 1 4 3 2 4 3 2 3 4 1 3 3 3 1 3 1 1 4 4 2 1 2 2 1 4 1 4 3 3 2 1 2 2 3 3 2 2 1 2 3 4 4 1 2 3 4 2 1 2 3 3 3 2 3 1 1 3 1 1 3 1 1 2 3 1 1 4 1 1 3 3 1 3 4 3 2 1 4 3 1 1 1 1 1 1 2 3 3 3 2 1 4 1 4 1 1 4 2 4 2 3 3 1 3 1 2 4 4 4 2 3 3 3 1 1 3 1 3 2 1 1 2 3 1 4 3 2 1 3 1 4 1 1 3 1 1 3 2 3 1 2 3 2 2 3 2 4 2 1 1 4 3 1 2 1 3 2 2 2 4 2 4 4 1 1 1 1 1 2 3 3 1 3 1 4 1 2 2 1 4 3 2 2 1 1 4 3 1 2 1 1 1 1 1 1 4 4 3 3 3 1 3 3 2 1 1 1 4 1 1 2 4 2 1 1 3 1 2 3 1 2 3 1 1 1 4 1 2 3 4 3 3 3 1 2 1 2 4 4 1 3 4 1 4 4 3 1 2 2 1 1 1 2 1 1 1 2 1 4 3 3 2 3 3 1 2 1 1 4 3 1 2 1 4 2 1 1 2 1 3 1 1 3 2 3 4 4 1 2 2 2 1 2 3 2 1 4 3 2 1 1 4 3 4 2 2 1 3 3 2 3 2 1 1 2 2 1 1 3 3 2 3 2 1 2 1 1 1 4 4 3 4 2 2 1 1 1 1 2 2 2 3 3 4 1 2 4 2 1 2 3 2 2 1 1 4 2 2 2 1 2 3 1 2 3 1 3 2 3 1 1 1 1 2 3 2 1 2 4 1 4 1 3 1 3 2 3 3 2 4 2 2 1 1 2 1 4 3 2 1 3 2 3 2 2 2 3 3 2 1 3 1 4 4 4 3 2 3 1 4 2 3 1 2 1 4 1 1 2 1 4 3 1 3 1 3 4 1 3 4 1 2 1 2 2 1 1 1 4 3 3 1 4 1 1 2 4 3 1 2 2 1 2 1 2 2 1 2 1 3 2 3 2 2 4 2 2 2 1 1 1 2 4 1 3 3 2 2 3 2 1 4 2 3 4 2 2 2 1 2 4 1 4 3 1 2 4 3 2 1 1 3 2 3 1 2 3 1 1 3 1 1 4 1 3 1 4 1 3 2 2 2 3 2 3 1 3 1 1 3 4 1 2 3 2 3 1 4 3 1 3 1 1 2 4 3 2 2 3 1 2 1 2 1 3 3 1 1 2 1 1 1 1 3 3 1 2 3 1 2 1 3 4 4 2 2 3 2 1 4 1 1 3 2 3 2 2 4 3 4 3 2 4 2 2 1 1 3 4 1 1 4 1 3 2 2 4 1 2 4 3 1 1 1 1 3 1 2 1 1 4 1 1 1 2 3 1 1 3 1 2 2 1 4 1 1 2 3 2 3 1 1 4 2 1 1 2 2 3 1 1 3 2 1 1 3 1 2 2 2 3 4 4 3 4 4 1 1 1 1 1 1 1 4 2 1 4 4 3 1 1 1 1 2 1 2 1 3 4 3 2 3 4 2 1 2 1 3 3 2 3 1 1 4 2 1 3 3 3 3 2 2 2 3 1 2 3 3 4 1 3 4 1 2 2 3 3 1 2 1 2 2 1 3 3 3 3 4 4 2 1 1 3 4 2 1 3 2 1 4 2 4 1 1 3 3 3 3 4 3 3 3 3 3 3 1 1 4 3 3 1 2 1 1 4 1 4 2 3 4 4 1 3 1 1 1 2 1 4 1 1 2 2 4 4 1 1 4 3 1 2 1 4 3 2 3 2 3 3 4 1 1 3 1 4 1 1 3 1 1 2 4 1 1 1 2 3 4 4 1 1 1 1 1 1 2 1 3 1 1 1 1 4 4 2 4 4 2 3 3 2 1 4 4 4 1 4 3 2 1 4 3 3 3 3 1 1 4 1 1 1 4 4 4 1 4 4 3 1 3 1 1 3 1 1 1 3 3 3 1 4 1 2 1 1 2 2 1 2 4 3 4 1 1 3 1 1 2 2 3 2 1 4 1 1 3 3 2 1 1 2 3 1 1 3 1 1 2 1 2 1 1 1 1 2 1 3 2 3 2 4 1 1 2 2 1 2 3 3 2 4 1 1 2 1 2 3 4 1 2 4 2 1 2 3 3 2 2 4 3 1 1 3 3 3 4 1 1 3 2 2 1 3 3 4 2 2 1 3 1 2 3 1 4 2 1 4 3 2 2 2 1 2 3 1 2 3 3 1 2 1 1 3 1 4 1 3 3 3 2 3 4 3 2 1 1 4 3 3 1 3 2 1 1 3 3 3 1 4 3 2 2 1 2 4 2 1 3 2 3 1 3 4 1 1 1 3 1 2 4 2 4 1 1 3 4 2 2 4 2 3 2 4 1 1 3 4 4 1 2 2 3 3 4 2 2 4 1 3 2 1 4 1 2 1 1 1 1

The profit of 3000 tasks
107 32 285 233 324 297 192 91 38 23 140 83 30 66 116 132 152 42 307 37 34 147 55 289 279 203 23 44 60 91 112 333 276 159 274 105 77 73 151 71 26 30 52 67 57 185 50 48 57 185 30 311 78 196 20 33 153 45 149 203 54 22 35 190 43 27 58 308 167 74 346 199 30 26 178 49 173 118 245 52 64 187 130 233 73 42 28 196 23 59 168 101 66 104 348 188 57 104 187 30 81 90 50 41 52 83 85 193 66 179 47 107 301 170 27 30 47 33 26 155 151 63 254 57 67 220 83 39 180 154 170 72 41 34 28 136 87 189 107 31 86 195 44 35 50 189 132 56 34 42 123 58 57 147 241 105 97 43 54 38 167 159 26 34 42 102 266 105 196 106 23 252 316 131 90 257 96 197 23 95 150 142 119 182 156 73 53 59 65 118 116 160 106 53 39 112 71 196 63 31 273 56 119 117 58 167 101 43 25 101 176 165 55 28 65 70 183 40 60 113 21 33 36 180 39 288 28 110 62 56 219 99 91 320 44 106 43 124 23 195 256 109 150 262 344 41 191 55 46 42 33 106 26 161 39 302 82 132 37 35 335 124 163 59 221 157 184 55 51 91 193 43 44 34 102 98 185 233 317 58 102 177 38 52 54 180 192 95 62 50 132 28 198 190 227 53 50 91 37 81 20 95 91 35 346 20 199 32 96 37 76 72 163 42 120 252 43 120 36 108 111 220 41 45 50 113 111 56 110 35 26 129 71 312 139 38 59 94 116 269 183 89 247 136 32 130 41 35 200 281 50 101 185 55 145 294 150 27 105 43 30 39 128 136 174 37 107 91 56 294 60 306 72 44 296 51 57 47 199 47 25 29 291 106 52 119 84 145 46 219 41 37 59 142 258 99 76 94 176 22 54 197 109 57 128 36 90 127 172 118 60 132 221 25 199 148 285 59 45 29 104 42 187 119 330 57 45 88 93 97 114 321 102 56 258 51 155 86 54 342 37 29 98 107 173 43 293 77 94 46 266 106 286 125 331 78 112 55 47 329 63 120 132 53 89 58 48 227 32 29 198 70 158 56 167 342 86 37 331 50 53 42 103 64 239 59 217 48 55 38 111 35 63 107 111 113 130 37 94 249 51 176 151 22 55 115 64 57 85 65 272 112 21 38 45 49 107 51 148 22 137 25 337 181 64 85 28 123 113 239 53 33 50 31 35 337 87 314 48 154 190 171 87 33 46 180 348 50 207 181 112 75 96 136 131 146 98 134 198 34 37 58 147 94 109 86 28 30 239 21 41 52 26 140 166 27 98 121 189 96 89 24 27 51 138 337 95 105 194 285 38 22 34 27 109 97 60 32 38 28 33 34 291 145 36 37 215 129 24 170 64 100 57 24 163 107 41 209 179 261 188 189 229 152 89 43 59 203 100 142 67 296 25 76 51 59 144 120 72 123 118 144 256 141 179 90 51 58 37 32 332 95 35 69 56 116 105 88 67 198 118 99 36 27 73 77 57 337 124 54 59 51 24 32 71 102 64 52 59 24 116 37 51 34 158 60 261 22 346 90 40 56 46 30 86 173 53 118 151 181 27 225 187 26 23 37 55 336 304 120 56 25 109 99 173 42 237 59 176 37 186 226 28 33 45 171 28 158 108 125 105 198 340 53 111 24 96 107 195 104 66 60 84 72 175 32 104 105 77 46 119 45 155 35 163 37 37 58 23 153 45 119 102 152 87 231 58 101 72 25 177 145 57 106 29 120 140 348 163 50 200 28 147 51 270 110 45 60 65 239 60 129 44 309 250 186 126 31 78 192 38 109 141 55 66 25 92 52 58 70 170 288 153 132 100 22 176 140 54 26 339 302 27 94 82 172 188 204 209 186 36 110 56 36 121 52 193 55 27 238 127 180 33 49 64 319 212 278 335 170 139 170 230 99 27 190 183 190 54 70 60 63 48 52 39 85 28 34 240 204 22 304 197 33 40 25 102 180 38 196 84 98 127 84 170 115 59 29 172 109 35 200 156 40 240 48 87 165 44 76 29 196 110 89 39 134 56 22 179 111 29 22 95 288 119 276 73 39 35 87 180 190 33 217 136 37 171 43 112 92 109 130 59 322 42 21 184 186 177 326 100 106 290 50 322 119 40 34 94 274 192 103 169 108 43 346 102 139 63 79 36 21 23 108 111 48 157 134 181 349 35 141 176 92 137 64 155 72 245 246 205 266 113 21 77 146 305 83 90 319 311 43 56 55 89 23 82 114 20 59 29 307 28 57 117 47 172 55 231 335 118 98 76 66 109 40 59 127 46 291 151 26 68 61 149 182 57 39 114 215 109 97 33 305 73 30 29 61 72 43 38 35 137 37 254 45 105 57 24 113 25 53 92 24 51 113 177 47 182 170 62 184 120 155 113 186 30 52 120 54 130 189 68 149 244 141 20 24 249 80 112 60 272 42 277 77 112 79 38 107 87 267 30 41 145 65 113 60 265 50 269 28 185 69 108 229 188 52 54 35 186 114 166 91 50 185 269 98 53 58 33 34 44 133 310 279 167 186 34 26 33 253 56 73 292 104 118 40 326 37 54 116 27 31 34 57 200 189 175 58 38 106 106 120 117 71 288 54 97 239 54 250 127 48 344 32 147 33 134 35 64 30 32 46 128 202 21 25 32 98 103 54 187 68 54 58 166 112 105 42 68 50 34 43 41 177 110 124 74 51 41 41 22 68 46 29 186 20 109 109 112 126 131 84 113 63 102 25 47 88 156 60 101 34 141 40 84 81 105 182 23 35 58 86 49 59 173 232 314 200 29 48 104 306 119 195 199 68 48 319 21 96 41 24 187 112 36 109 36 50 196 110 116 146 120 109 330 336 21 286 26 315 36 65 42 121 55 139 293 46 338 72 20 20 283 86 183 173 200 38 250 41 117 35 173 127 137 162 52 113 52 54 58 155 101 38 55 147 119 120 194 160 109 54 277 305 144 91 116 224 117 80 117 25 160 107 60 33 152 48 337 53 191 51 51 38 29 120 44 50 124 291 27 46 40 103 41 38 50 47 157 221 49 51 321 101 118 45 45 125 339 214 105 32 118 115 21 189 108 199 52 132 49 159 22 190 99 55 77 23 119 110 116 106 334 56 117 64 67 58 46 33 67 245 33 31 193 164 149 42 149 31 69 241 52 109 123 131 281 64 71 118 276 28 93 90 37 52 41 41 53 225 70 27 140 23 80 91 112 161 58 246 142 21 40 104 39 332 44 34 83 263 166 139 141 104 138 183 63 37 251 232 325 162 134 47 63 109 53 255 36 24 223 309 192 116 67 193 289 39 171 113 29 241 150 56 26 163 179 105 120 77 278 113 41 39 153 232 20 142 114 192 157 74 71 115 28 34 37 46 35 55 107 217 155 158 46 120 118 94 24 103 317 50 184 73 107 50 166 58 228 81 107 35 30 51 241 36 77 119 73 44 221 113 46 280 266 123 118 52 51 297 79 125 54 95 90 286 218 47 112 21 49 114 120 105 22 39 51 67 35 53 102 120 70 125 57 227 60 136 25 152 144 58 246 75 137 59 66 103 187 47 114 121 262 112 37 42 45 132 111 112 99 45 78 47 109 258 44 60 259 43 35 68 330 79 68 65 190 20 97 49 141 23 107 115 77 146 101 264 64 95 43 55 44 87 50 85 127 116 342 25 124 56 156 114 37 59 28 21 55 22 191 30 325 102 61 170 26 30 192 132 55 130 110 218 37 40 55 94 56 153 127 196 253 321 42 199 55 41 28 44 114 22 229 192 193 78 137 147 176 172 336 270 52 21 27 161 72 185 139 319 84 65 105 245 24 136 49 34 44 157 134 108 56 221 228 53 38 215 107 39 60 113 323 200 42 50 26 128 104 97 112 78 59 32 47 78 299 63 40 109 44 99 30 25 47 174 111 114 51 42 59 129 341 58 193 56 50 215 74 191 55 126 49 47 112 67 48 31 121 54 50 38 87 28 36 64 53 33 144 40 106 52 79 92 96 127 105 190 105 98 293 184 42 33 118 174 58 27 70 335 145 35 110 185 66 120 174 118 49 308 137 121 98 55 58 167 229 313 163 87 76 81 187 100 115 171 256 106 73 144 192 138 23 53 58 53 46 86 235 86 185 203 54 105 45 185 53 51 136 346 47 337 160 199 58 183 34 182 25 32 158 131 36 52 61 292 40 158 157 117 147 125 191 277 90 55 58 47 87 108 53 144 78 114 179 38 156 73 130 52 55 36 41 24 42 118 36 47 110 166 30 279 194 72 305 116 93 141 227 25 189 185 145 46 127 53 59 241 250 94 51 116 61 30 230 43 302 106 136 56 43 110 108 174 141 50 77 43 103 175 316 311 29 112 126 282 117 53 98 174 112 169 120 119 29 48 154 59 59 162 50 23 106 108 36 38 192 56 36 168 173 34 171 289 163 67 59 286 138 22 41 38 54 41 35 92 107 136 180 74 37 326 25 258 56 30 321 91 329 79 163 141 47 182 30 85 303 234 282 91 197 122 193 60 58 175 57 101 104 47 53 78 140 57 347 181 94 34 153 23 263 57 25 169 44 47 152 69 162 42 107 100 95 100 185 106 265 67 35 50 328 167 44 83 21 198 61 54 90 319 96 292 335 48 50 35 45 42 60 175 196 54 139 23 343 43 109 80 51 335 157 117 74 35 45 332 131 24 81 43 39 37 43 31 33 228 310 107 177 148 35 108 136 120 53 59 52 297 34 41 96 348 54 34 60 177 21 96 118 47 99 154 27 44 54 278 38 89 154 283 192 119 116 59 99 28 73 225 282 56 124 222 36 193 340 181 50 73 94 40 27 57 50 43 60 31 54 27 225 139 116 89 114 109 43 117 34 50 248 161 40 86 32 333 102 37 53 87 48 176 26 20 183 95 105 312 229 23 103 95 79 48 95 128 87 46 212 169 119 32 31 242 170 266 105 57 30 114 129 80 167 81 44 59 91 95 21 47 130 139 114 129 87 33 70 35 53 32 286 333 127 334 75 78 54 37 51 32 115 55 72 167 153 274 28 50 271 117 39 113 137 86 92 24 23 310 50 59 115 24 96 151 39 83 103 52 173 73 180 55 55 47 57 82 191 103 38 57 273 20 275 23 154 60 185 62 190 152 107 186 95 107 60 25 104 56 253 107 103 28 145 85 167 63 77 111 116 169 120 29 132 37 265 333 342 142 79 167 38 296 61 159 24 71 52 195 30 45 98 46 274 112 20 164 49 158 254 24 127 297 22 111 37 94 85 44 42 20 212 126 100 23 223 28 41 54 235 146 59 83 103 39 75 38 102 71 48 62 58 105 66 185 60 70 267 56 86 120 31 30 33 109 322 39 100 164 54 93 168 114 27 260 80 100 284 113 96 120 60 89 250 39 306 111 49 64 310 125 70 38 38 115 74 185 53 67 197 20 50 168 26 34 274 36 110 42 285 55 186 56 50 51 195 71 120 54 173 51 20 116 200 56 50 188 91 138 34 315 182 26 161 56 49 80 296 164 110 83 154 40 95 43 62 55 100 117 43 21 104 43 33 47 58 163 192 20 55 178 37 93 47 126 316 303 84 102 163 118 29 314 20 27 157 70 146 81 81 249 143 309 167 95 294 57 119 41 55 195 278 56 60 294 27 177 68 86 226 59 82 307 126 35 47 37 57 107 58 73 41 59 262 33 24 23 105 173 25 31 171 30 58 81 37 187 57 21 50 165 118 200 23 35 183 55 26 25 68 118 138 34 43 107 101 48 47 155 36 54 84 70 187 203 199 134 209 285 46 50 29 32 29 25 47 316 79 27 322 344 182 21 21 48 45 55 24 90 29 192 344 118 56 138 222 102 20 98 45 194 129 59 117 37 47 263 59 44 110 190 159 182 74 70 111 187 37 92 133 120 269 26 168 261 46 114 90 101 199 60 69 56 116 80 35 165 131 151 197 267 204 63 35 39 137 280 78 26 152 93 45 300 74 201 45 24 144 136 100 192 248 114 183 139 163 178 110 36 42 208 200 192 30 80 53 59 277 46 273 106 136 256 335 20 160 55 35 44 76 25 192 56 43 105 86 344 232 54 20 234 165 33 91 54 181 109 58 149 111 162 178 278 53 47 116 41 312 22 40 131 59 51 84 282 54 48 39 61 151 268 271 40 52 47 53 31 39 71 36 176 33 48 33 25 211 240 61 208 227 106 120 199 82 42 262 315 220 39 341 192 62 43 253 149 167 198 121 20 44 303 33 54 33 191 282 304 38 268 227 156 45 173 52 41 195 21 59 32 101 197 144 59 242 43 75 46 27 50 62 49 76 343 115 198 39 55 174 38 30 60 109 128 69 43 274 41 47 165 106 61 30 21 101 157 49 21 141 29 55 97 31 59 20 24 30 43 106 39 128 66 168 72 231 44 29 107 59 57 99 153 169 76 234 47 41 114 50 50 178 333 41 119 283 75 48 88 158 126 102 87 239 191 30 42 168 164 142 269 25 29 167 51 117 54 120 149 274 72 119 22 135 41 87 195 39 200 101 39 244 192 89 68 118 23 110 188 59 53 100 188 60 119 50 36 165 43 252 27 126 193 195 113 106 323 152 103 55 28 312 189 185 44 143 76 31 44 123 167 124 21 288 161 95 79 38 84 347 105 35 161 69 142 25 196 195 20 28 60 194 27 77 219 74 343 31 31 118 317 65 50 239 103 123 60 343 27 33 106 211 286 57 89 58 161 162 273 77 79 345 30 134 72 55 313 21 115 60 58 28 59

The bandwidth demand of 3000 tasks
93 7 65 62 63 58 52 34 6 3 54 33 4 29 18 87 54 2 110 6 5 92 6 106 78 102 6 5 2 30 37 60 108 89 109 37 27 25 77 18 5 6 18 24 6 81 15 6 6 113 6 100 19 51 6 2 70 2 100 67 16 2 8 58 6 4 10 41 63 36 91 78 5 3 74 6 88 83 87 8 12 92 66 118 40 4 3 92 6 5 92 13 35 89 100 95 2 79 110 3 34 11 4 5 5 40 25 58 34 65 6 55 98 50 3 5 6 7 5 79 76 38 116 3 29 44 31 8 70 97 62 10 7 2 6 94 37 76 28 7 21 90 5 3 5 89 67 7 6 4 51 21 4 91 97 24 25 6 4 8 78 93 4 3 2 74 118 18 75 15 7 86 111 83 17 98 18 98 3 18 83 98 37 55 79 19 3 7 15 58 67 65 33 25 6 13 22 82 29 6 51 7 81 98 34 79 20 2 3 94 97 60 8 7 12 12 88 8 3 34 6 6 3 65 5 83 6 65 27 18 87 33 23 41 7 21 6 73 3 65 42 22 64 116 91 3 87 36 7 5 3 62 3 66 5 43 15 76 6 7 87 69 56 24 119 92 105 6 2 18 90 3 3 7 55 16 100 94 69 3 37 72 7 4 4 67 55 20 39 2 89 6 84 75 67 35 22 11 3 34 3 12 34 7 52 7 77 2 36 6 20 29 75 4 10 116 7 39 4 39 30 107 4 5 4 17 34 4 22 7 5 66 20 104 87 6 7 28 76 115 73 15 99 85 8 75 5 3 63 116 8 30 65 8 92 52 66 6 97 5 3 4 54 91 87 7 68 14 3 103 6 45 19 6 42 3 8 4 98 2 8 5 83 75 5 39 29 66 4 57 8 5 4 99 42 38 23 16 90 5 7 59 75 6 96 7 17 78 84 32 7 99 53 7 103 92 119 7 8 8 38 2 63 81 69 28 3 16 34 21 52 100 26 26 83 5 81 25 29 92 4 5 23 59 62 4 67 19 21 5 47 87 57 58 115 38 62 17 5 53 22 54 82 35 11 7 7 109 3 4 72 12 88 15 94 73 20 7 118 3 39 3 61 15 104 3 106 5 2 3 72 7 19 67 25 79 70 5 27 90 5 51 59 5 21 33 32 11 33 27 108 56 6 7 5 8 88 3 66 8 73 7 45 86 33 12 3 99 60 59 3 5 3 6 5 104 32 40 4 53 78 62 17 5 3 109 44 6 107 79 39 31 23 71 82 87 37 63 97 4 6 4 53 12 39 18 6 8 115 7 7 5 8 66 90 6 27 61 100 25 37 5 8 7 86 119 17 31 76 109 7 6 6 2 93 12 6 6 6 7 2 5 112 67 6 6 120 69 4 92 16 24 7 6 60 28 7 71 77 59 50 52 85 97 39 5 8 119 76 72 19 76 7 17 6 6 99 78 33 62 21 71 47 58 53 35 36 6 7 5 46 28 5 15 6 93 92 24 21 55 25 26 4 7 14 35 5 85 54 5 6 3 4 8 24 30 22 7 6 5 53 6 8 4 65 3 117 7 97 20 4 4 7 8 36 76 2 31 64 70 4 102 90 5 7 2 3 66 87 79 19 2 17 37 88 2 119 3 72 6 62 95 4 4 5 85 6 58 37 97 89 112 62 3 25 7 11 22 75 27 21 6 24 37 96 8 82 84 37 7 65 6 89 4 69 6 5 5 4 73 3 18 35 74 33 72 5 94 31 8 84 70 4 21 3 63 78 53 84 26 65 3 63 2 44 20 7 39 32 48 3 66 6 90 65 96 61 5 30 51 5 30 72 4 23 5 12 4 10 31 68 78 74 51 13 2 52 56 6 3 86 87 2 25 39 76 75 71 80 82 5 53 3 8 57 8 66 12 4 63 98 65 8 3 32 71 75 116 63 73 80 58 108 26 7 79 119 107 4 14 4 37 5 6 4 27 4 3 57 92 3 46 111 5 6 7 28 77 6 61 26 37 63 39 93 36 3 6 65 10 7 90 82 8 99 2 37 83 3 11 7 84 17 16 2 78 32 5 72 95 8 4 22 109 33 101 30 4 3 26 66 66 5 118 86 3 59 6 30 22 25 92 39 54 2 7 85 56 87 93 87 37 58 2 81 32 6 3 40 79 65 13 72 95 5 55 12 96 33 32 8 8 8 21 32 2 89 62 93 52 6 71 76 39 59 22 94 29 61 66 103 109 14 3 15 56 115 21 37 73 115 4 5 6 14 6 26 18 5 14 3 63 3 25 81 3 95 3 113 47 63 15 30 19 79 3 27 94 6 76 78 4 30 23 74 89 5 3 16 117 39 32 2 110 16 3 7 31 17 4 5 5 91 6 106 4 77 25 5 38 4 17 16 2 7 81 90 8 86 94 24 78 30 100 37 79 3 37 21 3 69 70 39 97 40 95 8 7 50 19 39 27 117 8 82 35 82 32 3 68 29 96 4 4 80 24 68 18 112 5 45 7 97 24 58 67 88 8 35 7 58 87 90 19 7 83 108 26 7 6 8 4 7 51 70 41 99 56 6 2 2 101 3 27 69 19 58 8 43 4 4 26 3 7 5 11 90 51 74 8 3 84 96 90 11 19 43 3 22 95 3 62 69 3 110 5 54 8 78 6 15 4 5 3 60 84 7 3 5 12 62 3 73 21 39 3 82 29 69 3 16 5 6 5 3 65 65 99 20 19 4 3 4 17 2 4 51 7 35 19 76 81 81 33 100 37 18 7 2 10 58 3 32 4 69 3 22 25 36 91 6 7 8 16 4 7 50 52 64 87 4 3 17 67 35 97 60 18 2 55 7 10 2 7 86 32 4 78 7 3 73 37 30 92 11 54 85 84 8 95 4 57 7 38 2 82 2 82 96 4 74 26 7 4 118 36 84 71 104 4 93 6 12 7 71 71 97 91 8 38 6 4 3 93 34 7 3 88 26 22 77 80 88 6 54 86 93 14 63 98 19 14 38 6 97 22 3 7 75 5 59 6 69 34 4 3 2 27 4 14 80 89 8 5 3 27 7 7 5 3 66 68 2 4 108 12 50 8 5 64 61 100 39 5 67 99 5 79 29 63 5 58 2 86 7 110 21 5 35 5 77 11 27 24 57 7 99 15 23 7 8 8 15 73 3 7 59 67 79 7 51 5 20 76 5 11 93 68 53 39 18 81 114 6 23 26 6 5 4 8 6 116 21 5 88 5 40 28 20 55 2 92 77 6 2 63 3 43 6 5 12 44 56 87 62 98 77 69 33 2 101 44 104 97 61 5 14 74 31 89 7 6 107 58 49 37 19 86 57 5 72 92 4 89 82 5 5 69 72 13 95 20 69 82 5 7 96 87 6 50 38 62 76 17 12 21 6 5 7 5 6 26 96 113 54 94 4 86 22 26 2 18 112 27 80 39 39 6 70 7 117 24 97 8 5 3 61 5 18 10 36 3 49 75 5 96 92 79 100 7 31 90 39 85 23 24 32 111 91 5 55 2 5 24 69 57 5 2 33 36 5 2 26 26 34 71 5 50 2 73 4 65 75 11 114 36 67 11 28 26 97 5 67 63 90 79 6 4 6 78 15 23 33 3 26 7 32 84 8 4 90 8 5 39 58 11 19 12 71 3 26 8 73 6 14 22 35 93 30 52 14 24 7 8 4 32 2 27 78 28 79 3 67 28 80 23 4 34 7 2 6 6 54 3 63 61 15 65 4 8 58 97 7 73 91 66 8 4 3 29 8 83 70 80 75 108 5 63 2 6 7 7 95 5 52 59 63 20 85 55 97 55 112 53 13 7 2 86 20 79 91 79 17 40 77 74 7 59 7 8 2 61 59 28 4 99 114 5 5 94 23 5 3 55 101 84 7 15 8 73 27 19 40 20 6 5 3 12 65 22 3 70 3 39 5 8 3 72 18 39 29 3 23 81 100 8 47 4 22 115 14 78 15 64 7 3 97 36 2 6 55 17 22 8 27 4 2 13 31 3 59 5 27 30 29 31 35 89 32 52 30 15 45 82 6 3 36 87 34 3 25 107 84 4 15 64 31 28 77 40 6 87 77 64 26 8 5 63 59 107 60 28 32 30 61 23 12 81 99 86 36 87 55 85 5 3 3 4 2 22 91 11 77 79 20 15 8 103 4 7 69 91 5 102 54 91 3 78 3 79 8 4 66 65 4 7 10 114 3 68 98 36 85 93 51 72 33 27 4 3 27 73 5 69 17 38 95 5 83 23 65 6 30 7 3 8 3 19 8 5 59 55 3 54 91 28 78 64 24 61 59 2 68 83 96 8 64 7 3 99 71 13 5 18 13 4 107 4 44 64 79 12 7 35 38 93 84 17 32 7 25 54 88 76 4 25 63 62 30 5 14 76 58 99 35 72 2 4 67 5 4 56 6 6 37 91 7 6 51 7 5 99 60 7 52 61 60 33 2 94 92 3 8 7 2 6 7 21 93 72 75 13 3 95 6 116 5 5 83 11 45 36 85 52 7 83 8 24 59 92 93 23 100 88 57 2 4 82 3 53 33 6 5 18 67 5 69 70 22 4 93 7 108 5 3 95 5 3 54 28 95 5 27 58 31 16 79 13 93 16 4 5 54 69 5 13 8 72 23 11 20 82 30 44 96 8 4 7 5 7 36 56 59 3 97 6 111 5 18 22 3 106 63 38 22 5 7 41 96 7 30 4 3 6 4 3 5 57 109 56 78 75 2 75 88 26 4 7 5 48 5 4 12 120 40 3 5 94 5 32 71 3 35 97 4 7 7 47 6 11 54 74 80 90 62 5 35 2 36 71 75 7 57 54 6 116 101 96 7 30 24 3 5 5 37 7 8 5 38 3 110 72 56 12 88 86 6 38 4 8 63 69 5 19 3 90 27 5 7 25 4 64 3 4 55 36 59 112 63 6 40 20 27 3 21 60 30 3 77 99 15 4 4 85 83 109 26 15 2 95 98 16 52 14 4 7 16 21 5 7 89 73 32 63 35 3 38 4 4 2 116 58 78 45 28 35 6 2 7 3 13 25 37 68 74 91 7 36 74 32 3 24 50 28 15 3 6 86 25 28 25 6 18 85 3 14 74 7 59 30 97 2 8 7 5 31 68 30 5 39 105 5 107 7 81 7 97 36 78 53 35 99 18 12 2 3 39 3 81 91 17 5 78 25 53 34 21 21 65 62 24 6 75 8 84 66 108 84 23 92 5 53 24 97 2 33 6 107 4 2 35 5 86 100 5 66 2 52 108 6 82 64 5 31 6 17 25 6 5 7 47 54 93 5 86 8 6 35 88 63 8 33 36 8 12 3 32 10 7 27 5 90 39 94 12 17 61 22 37 38 6 6 6 28 101 6 75 81 39 36 81 33 2 115 29 85 120 12 22 32 3 14 80 5 103 96 6 38 46 84 34 7 2 65 12 68 6 20 89 7 5 98 8 3 51 7 74 4 116 4 72 38 13 18 64 18 88 5 56 3 7 72 53 4 10 60 39 58 6 44 51 6 97 7 4 20 68 74 39 38 52 4 25 4 10 6 52 97 3 2 13 3 4 6 4 56 73 4 30 66 3 31 4 99 108 70 16 34 51 34 5 40 2 5 85 39 90 16 12 79 91 95 82 20 59 14 20 5 7 71 41 4 3 53 4 61 39 28 113 5 30 103 90 3 6 4 5 95 3 10 6 6 56 4 5 5 23 59 7 4 81 3 27 30 7 51 2 7 13 74 38 90 7 7 47 22 4 5 16 32 79 5 4 69 23 4 6 53 5 22 30 39 54 118 91 87 94 69 7 8 7 6 5 7 6 119 22 7 55 82 76 4 3 6 7 21 2 24 3 80 76 83 37 52 95 32 8 30 4 70 69 10 72 2 4 107 35 4 57 87 66 50 24 32 34 92 6 23 76 71 111 3 60 46 3 12 27 56 70 8 27 5 14 12 5 55 74 75 91 81 95 37 5 3 63 50 23 2 85 19 6 101 15 51 5 2 70 99 75 52 67 74 80 90 90 57 74 3 3 59 91 92 2 27 3 4 74 5 71 32 64 52 94 6 90 7 6 4 22 3 95 8 8 24 20 76 108 4 5 89 88 3 17 5 41 59 16 82 32 92 68 104 4 6 70 7 44 8 3 89 3 7 37 49 7 4 4 33 93 60 96 4 2 6 3 3 5 29 4 54 7 4 3 7 109 120 36 106 91 32 91 66 34 5 46 71 68 4 65 88 23 3 106 70 61 89 53 4 2 46 6 3 2 47 86 66 7 56 55 58 7 73 4 2 70 4 4 2 61 74 79 5 51 6 11 4 5 31 14 4 28 62 55 59 5 5 52 7 7 24 16 69 37 6 76 2 5 60 81 33 5 4 29 91 5 3 85 7 4 32 4 21 8 3 7 3 33 5 97 30 61 11 60 6 6 22 35 6 40 60 100 29 54 7 3 10 4 25 72 48 3 24 114 40 5 15 89 61 22 37 81 60 7 5 82 93 78 85 7 5 70 13 19 6 58 99 46 37 14 5 92 3 10 56 2 63 32 7 59 66 37 15 40 2 27 96 4 11 76 91 2 18 6 5 70 2 75 3 95 75 69 17 65 45 92 18 4 5 110 88 97 4 98 23 3 7 55 98 75 5 57 62 34 38 7 26 62 19 5 95 30 65 7 70 44 2 2 6 52 5 26 71 38 51 6 5 66 99 26 13 71 18 94 14 80 6 3 68 60 87 5 12 17 62 70 59 34 22 69 3 81 40 4 65 5 14 8 7 3 6

The power demand of 3000 tasks
20 2 14 26 28 18 18 5 1 2 16 10 3 8 5 17 14 2 25 3 1 10 3 28 21 23 2 3 2 5 10 11 24 9 13 4 10 10 16 8 2 1 3 10 2 14 8 1 2 22 2 13 5 15 2 1 18 1 19 17 8 1 1 8 3 1 3 29 19 8 17 14 2 2 18 1 17 18 12 1 4 30 14 14 4 2 2 10 2 2 15 5 9 9 10 25 1 19 13 1 5 6 3 1 2 9 5 11 4 17 2 13 20 17 3 1 3 1 2 15 16 6 29 2 6 24 8 2 12 17 13 9 2 2 2 19 5 8 3 1 7 13 2 2 1 11 17 1 1 1 17 9 1 14 23 10 4 2 1 1 12 11 1 1 3 14 27 9 18 6 2 25 25 19 5 28 3 18 3 6 20 20 9 17 15 6 3 2 10 12 17 12 7 4 1 6 9 11 6 3 21 2 16 11 4 8 9 1 1 15 17 11 1 2 9 7 12 1 1 10 2 1 2 14 2 28 1 17 6 9 23 6 7 12 1 8 2 8 3 15 24 5 19 12 13 1 25 7 1 1 2 17 1 15 3 11 10 11 2 1 25 19 15 4 24 14 21 1 3 6 9 2 2 3 17 4 13 26 28 2 10 14 1 1 1 10 14 8 7 1 19 2 12 13 18 5 10 7 2 4 2 3 5 1 25 1 14 1 4 1 8 8 19 1 5 26 1 7 2 5 6 17 3 1 1 10 8 1 7 1 1 11 5 11 15 1 2 7 19 14 12 10 19 13 2 19 2 1 14 22 2 5 15 2 14 29 12 2 20 3 1 2 9 13 12 1 14 6 1 16 2 16 6 3 11 1 3 2 10 1 2 2 22 19 2 6 6 12 1 15 3 1 2 16 14 5 8 8 17 3 3 9 18 2 12 3 6 19 19 9 1 13 17 2 17 14 20 1 1 3 9 3 9 17 12 9 1 4 5 4 20 12 4 9 24 2 18 6 6 26 1 2 5 9 12 1 20 4 3 2 17 17 23 13 28 7 18 5 2 27 9 19 18 6 6 1 3 13 3 1 9 4 13 7 12 20 8 1 28 2 5 2 11 6 21 1 10 1 2 1 15 1 6 14 4 9 19 1 9 14 3 10 11 2 7 7 10 4 6 6 15 20 2 2 3 2 18 2 20 1 17 3 18 10 5 10 2 9 12 27 2 2 2 2 2 13 9 27 2 18 14 16 8 3 2 27 29 2 16 8 6 7 5 9 11 15 9 11 12 2 2 2 17 7 9 9 3 1 17 3 2 2 2 10 8 1 5 17 15 9 6 2 1 2 19 29 6 6 9 28 1 1 3 2 11 6 2 1 2 2 3 2 29 11 2 1 13 16 1 9 8 5 2 1 20 9 2 25 20 28 10 11 10 15 4 3 1 14 19 13 8 17 2 6 1 2 9 12 9 15 7 18 23 19 14 9 5 2 1 2 24 3 2 5 1 15 18 5 7 15 9 3 1 1 10 9 2 22 14 3 1 3 2 1 3 4 6 1 3 2 11 2 1 2 19 1 24 2 12 9 2 1 2 3 7 19 3 8 19 20 2 24 14 1 3 1 1 16 24 10 6 1 8 8 17 2 11 1 19 2 18 18 1 2 2 11 3 19 8 19 13 25 21 1 9 1 4 10 16 6 9 1 6 4 9 1 9 9 5 1 15 3 20 1 9 2 1 3 1 15 2 9 6 8 4 14 1 19 6 1 17 10 2 8 1 16 17 18 11 6 15 2 17 1 29 7 3 6 5 23 2 9 2 15 15 8 12 2 6 9 3 7 9 3 7 2 3 1 6 6 18 21 9 13 6 3 13 14 2 1 21 18 3 6 4 18 28 21 29 17 1 14 2 1 9 3 8 4 1 23 11 11 1 1 6 17 23 12 19 16 15 19 29 3 1 11 20 23 2 8 1 5 2 1 1 6 1 2 17 16 2 17 14 2 1 2 4 14 1 12 5 9 10 6 19 3 2 2 19 3 2 15 14 2 19 2 4 16 1 8 2 10 9 8 1 18 3 1 8 19 1 2 4 11 3 13 3 2 2 6 19 16 3 29 11 1 11 1 6 5 4 11 3 28 3 1 10 24 17 21 18 8 15 3 22 9 3 2 8 21 17 9 18 20 2 21 5 17 4 9 1 1 1 8 7 1 14 13 11 21 1 15 9 7 18 7 20 8 26 27 22 20 5 2 9 16 11 7 6 23 17 1 2 2 4 3 7 7 2 8 1 18 2 4 17 1 20 3 19 13 14 4 3 9 20 2 5 19 3 15 18 3 8 8 8 14 1 3 6 22 6 5 2 25 5 3 2 9 3 2 3 3 19 1 29 3 19 3 2 8 1 4 9 1 1 8 15 2 17 10 4 20 5 14 3 17 1 5 6 3 15 19 4 12 15 9 2 2 18 9 9 10 21 2 29 3 12 6 1 14 9 15 1 3 13 6 12 5 22 2 30 2 18 5 11 10 9 3 9 3 13 11 12 9 1 16 25 7 1 3 3 1 1 10 20 16 20 14 2 2 1 24 3 5 30 8 10 2 17 1 3 3 1 1 2 9 15 13 18 3 3 18 8 11 7 5 13 2 6 28 1 18 19 2 22 1 18 3 9 1 6 1 2 1 11 26 3 2 1 10 14 1 14 4 9 2 14 4 16 2 9 2 1 2 2 12 16 11 5 5 1 1 1 7 2 2 15 3 6 6 13 11 9 6 14 5 3 1 2 4 19 2 3 3 12 2 8 3 9 19 3 3 1 7 1 1 16 18 21 20 2 2 5 30 7 8 12 9 2 21 2 10 3 2 17 4 1 15 1 1 28 7 9 12 5 18 11 26 2 11 2 17 1 4 2 17 2 12 11 3 22 3 1 2 16 8 15 13 23 2 18 1 3 1 14 12 15 19 3 5 1 2 2 16 8 2 1 17 6 10 10 8 17 3 22 27 20 3 13 20 7 9 3 2 20 5 3 1 18 2 25 3 19 3 2 1 2 4 3 7 14 20 1 2 2 3 1 1 3 1 15 14 2 3 10 4 17 1 3 10 10 13 6 2 15 13 2 12 4 14 2 17 3 18 3 11 8 1 6 3 9 4 4 4 18 2 18 8 4 1 1 3 9 25 1 1 13 10 11 3 15 1 7 26 2 4 9 18 27 4 4 12 19 2 5 5 1 1 2 3 1 24 5 1 10 2 5 5 8 14 1 13 11 2 1 8 2 25 3 1 5 23 13 8 10 14 11 14 5 2 27 22 21 15 14 2 9 13 4 18 1 2 18 13 27 6 8 10 11 2 11 15 2 11 18 1 1 11 13 5 17 8 16 10 1 2 17 11 1 18 5 9 18 8 5 8 2 1 1 2 1 8 10 25 18 13 3 9 9 7 3 3 13 6 15 8 5 2 13 1 24 10 12 2 3 1 11 1 3 5 8 2 11 17 1 10 21 9 12 1 9 27 4 11 4 8 6 18 27 2 12 2 1 4 14 11 1 2 8 9 2 1 4 8 4 20 2 18 1 13 2 8 9 9 12 7 12 3 4 8 9 1 11 20 12 14 2 3 2 14 3 8 6 2 6 3 3 22 1 1 23 2 3 4 29 8 6 8 10 1 8 2 18 2 8 6 4 16 7 20 10 9 2 2 2 5 3 10 14 5 12 3 18 8 16 5 2 6 2 1 1 1 11 2 13 15 5 20 2 2 22 19 1 20 11 10 1 2 1 4 2 9 15 18 25 19 3 19 3 1 2 2 18 1 17 20 12 6 18 18 17 19 19 28 5 1 3 15 6 10 11 30 8 9 18 24 3 16 1 2 3 10 20 7 3 24 17 2 2 12 4 1 3 17 13 26 1 5 2 9 5 5 4 10 3 2 1 9 14 9 3 16 1 3 2 2 1 10 5 9 9 1 8 9 15 1 10 3 8 13 5 17 6 14 2 1 11 7 1 1 19 6 7 1 6 2 2 7 8 1 12 3 7 5 9 6 5 9 8 18 8 5 11 15 3 1 4 11 10 1 7 10 19 3 6 19 8 10 11 8 1 14 13 11 4 3 3 10 13 15 9 4 4 6 17 9 7 20 29 15 4 16 19 15 3 1 1 3 2 9 20 9 11 15 8 5 2 16 2 1 16 27 1 13 17 13 2 17 3 24 2 3 17 9 3 1 5 29 2 17 10 5 18 16 18 25 4 5 3 3 3 10 1 9 9 4 19 2 16 4 17 1 9 2 2 1 2 3 2 2 18 14 3 22 17 4 11 12 7 10 14 2 9 13 19 3 10 2 2 16 15 7 3 3 10 3 16 1 10 8 18 5 1 7 6 11 16 8 3 3 9 15 27 23 3 10 16 12 8 3 10 17 16 13 9 11 1 2 15 1 3 10 1 2 9 9 2 3 19 1 3 10 14 2 18 22 16 4 2 23 9 1 1 2 1 2 1 3 14 9 17 9 3 14 1 29 2 3 11 7 20 7 10 9 1 20 2 8 29 21 27 6 10 16 14 2 1 13 1 12 4 2 2 7 19 2 15 10 4 1 20 3 21 1 3 19 2 2 9 5 19 1 10 9 5 10 17 5 16 7 2 2 24 12 2 6 2 20 8 6 9 15 8 10 16 1 2 2 2 1 9 17 12 2 9 2 25 2 10 9 2 24 9 10 3 2 2 29 12 2 4 2 2 3 2 3 1 13 24 10 10 19 1 10 15 8 1 2 3 13 1 3 5 13 4 1 1 18 2 6 10 3 6 8 1 2 1 22 2 8 12 16 17 18 9 1 8 2 3 17 23 2 10 29 1 14 24 17 2 4 7 1 1 1 7 1 1 3 4 1 24 19 13 10 19 18 1 10 3 1 22 12 1 9 1 12 5 3 2 4 1 16 2 3 20 4 9 14 29 2 5 5 4 3 6 17 10 2 22 17 3 3 2 11 12 17 4 4 3 10 13 6 12 3 3 1 9 5 3 2 15 16 7 16 8 2 8 3 1 3 28 15 10 21 8 6 2 3 2 1 6 4 3 14 10 25 2 4 21 8 3 6 9 6 4 1 2 20 8 7 9 3 8 10 2 5 17 1 12 6 10 2 1 1 1 4 12 9 1 6 17 1 13 2 18 2 19 8 17 20 4 21 6 7 3 2 7 2 25 15 9 1 10 3 15 6 7 10 14 10 4 1 12 3 18 22 27 11 9 12 2 19 6 17 1 5 3 29 2 2 5 2 13 11 2 14 1 20 20 1 13 11 2 7 3 6 4 1 2 1 19 18 11 1 22 2 1 8 21 10 2 9 9 1 8 1 4 5 3 5 1 17 8 11 9 9 11 4 4 4 2 1 1 10 17 1 15 11 10 9 12 9 1 12 9 11 15 8 7 10 1 8 19 3 15 16 1 8 22 14 10 3 2 20 8 15 3 10 19 3 2 10 1 1 21 2 13 2 22 2 15 10 5 10 8 9 15 2 11 2 1 9 21 2 3 8 10 10 1 19 15 2 9 2 1 4 29 9 8 8 20 2 10 2 5 2 9 16 3 2 7 2 3 3 3 14 18 2 10 19 1 6 2 19 14 15 5 6 20 4 2 14 2 2 18 4 12 9 7 22 13 10 13 5 20 4 10 2 1 10 11 2 1 22 1 11 8 9 16 2 6 14 15 3 1 2 2 19 1 5 1 3 24 1 3 1 7 18 2 2 11 3 10 7 2 20 3 3 10 11 6 18 2 1 15 5 1 1 5 8 9 2 3 19 8 1 3 13 2 5 9 8 18 19 16 19 29 22 2 3 1 1 2 3 1 28 5 2 22 21 13 2 2 3 1 5 2 6 3 18 11 17 10 19 19 7 1 10 2 9 9 9 20 2 1 11 10 3 13 9 10 17 7 8 3 16 1 4 15 10 19 2 9 17 1 5 5 18 13 2 6 3 8 4 3 17 9 17 16 26 15 8 2 3 9 19 5 3 10 6 1 18 5 19 2 2 9 13 18 16 23 15 11 16 15 10 8 2 3 16 11 19 2 3 1 1 28 1 13 8 10 12 30 2 8 2 1 2 4 1 30 2 2 9 8 20 17 1 2 11 8 2 9 1 22 16 9 18 4 16 18 25 1 2 11 2 15 1 1 20 2 2 7 15 1 2 2 3 14 21 12 2 3 3 1 1 2 6 1 10 2 2 2 2 17 27 9 28 30 9 19 10 7 1 26 18 14 3 15 13 8 1 26 16 13 14 11 1 2 20 1 2 2 16 25 26 2 20 11 17 1 17 1 3 12 2 1 1 14 17 8 2 27 2 9 3 3 5 5 2 3 12 10 27 1 2 14 2 1 8 7 17 10 1 27 1 2 18 12 7 1 1 8 11 1 1 12 2 3 5 1 4 3 1 1 2 3 2 11 3 10 6 19 1 3 9 4 3 7 12 13 8 25 1 2 3 2 7 13 26 2 7 18 6 3 4 19 12 8 9 12 9 3 2 12 20 9 29 1 2 13 3 8 1 15 17 22 4 6 1 18 1 6 8 1 28 6 2 24 18 8 8 9 3 9 9 1 8 13 12 1 4 3 2 9 2 19 3 17 12 14 5 16 23 19 5 2 1 22 11 10 2 19 6 2 1 14 8 14 1 11 11 4 3 1 4 28 3 2 8 3 13 2 8 18 1 1 2 18 2 9 26 9 15 2 2 14 19 5 6 26 9 13 9 15 1 2 8 28 27 1 7 3 13 12 22 9 7 21 3 9 5 2 24 2 9 3 2 3 1
