B=70	N=1400	M=3	Cbw=43843	Cpw=11189

Modes
mode base_power
G 10
R 25
P 50

Task types
type name modes
1 enterprise_emergency G|R
2 maritime_airborne G|R|P
3 cellular_backhaul R|P
4 private_high_priority P

The bandwidth capacity of 70 beams
583 724 647 739 699 702 660 562 640 728
497 524 519 727 696 614 760 583 690 640
548 567 613 515 474 726 516 700 468 578
659 581 731 757 742 722 706 664 746 474
584 690 484 506 500 626 632 581 572 762
754 729 768 651 768 564 646 653 510 600
622 694 750 673 474 535 552 584 479 479

The power capacity of 70 beams
199 183 154 143 139 121 167 168 181 189
122 170 136 129 190 188 171 124 138 176
122 163 123 185 123 166 129 173 160 167
138 124 156 151 140 135 185 179 169 145
188 146 125 196 192 144 161 190 199 130
157 173 171 170 193 192 184 180 121 129
130 121 162 137 162 191 184 192 198 150

The type of 1400 tasks
4 2 1 3 1 1 1 1 1 1 2 1 3 2 1 2 3 1 3 2 1 3 1 3 2 2 4 2 3 2 3 3 1 4 2 1 3 2 3 4 4 4 1 1 2 2 1 3 1 3 1 3 4 1 1 4 1 2 3 2 4 4 1 4 1 4 1 3 2 3 3 3 1 3 1 1 4 2 2 2 1 2 1 1 4 2 3 3 4 2 1 1 3 3 1 1 3 3 1 1 4 3 1 4 3 2 4 3 3 4 2 3 2 1 2 2 1 2 3 3 2 2 3 2 3 4 2 2 2 3 3 1 2 4 3 1 4 1 1 3 4 1 4 4 4 3 3 3 4 2 4 1 2 4 3 1 3 2 1 3 1 3 3 1 2 2 3 3 2 4 3 1 1 2 3 1 2 1 1 2 1 2 4 3 1 2 2 2 4 1 1 1 2 3 3 1 3 1 3 3 1 2 3 2 1 1 4 3 4 3 3 3 1 4 4 2 1 1 2 3 3 1 3 2 2 3 2 2 2 4 1 1 1 1 4 3 3 1 3 3 1 4 3 1 3 2 1 4 3 1 1 3 4 1 3 2 2 4 2 3 2 2 1 4 3 1 2 3 1 2 3 1 4 2 4 1 1 2 4 2 1 1 2 1 3 1 3 2 1 4 3 2 1 3 1 3 3 1 3 2 1 4 1 2 1 4 2 3 3 3 4 1 2 3 3 3 3 3 3 3 3 1 1 2 1 2 2 3 3 4 4 1 1 3 1 4 1 3 1 3 2 2 1 1 3 3 4 1 3 1 4 1 4 1 1 1 2 1 2 1 3 1 4 3 2 2 1 2 3 1 1 1 2 1 1 4 4 2 2 4 3 1 2 2 3 1 1 3 1 4 1 4 2 1 1 3 2 1 2 4 3 4 2 3 1 4 4 3 1 2 1 2 4 4 3 1 1 2 1 1 2 4 1 1 1 1 1 2 2 1 4 2 3 2 3 3 2 2 1 3 3 2 3 3 1 1 4 1 3 1 2 1 4 3 4 3 1 1 3 3 1 1 2 1 1 1 2 2 4 3 1 1 1 2 1 4 3 2 3 1 2 1 3 3 1 4 3 1 3 1 2 2 2 2 1 1 1 1 1 4 1 2 2 3 2 3 1 3 2 3 2 2 1 1 2 2 2 2 1 3 3 4 1 1 3 2 1 2 3 3 1 4 3 3 3 3 3 3 2 3 2 1 1 4 2 2 1 3 3 1 1 1 1 3 1 1 3 1 1 1 1 3 1 2 1 2 1 4 1 1 4 1 4 3 3 2 4 1 1 4 1 2 2 2 1 4 2 1 2 3 1 1 4 1 1 1 2 1 1 2 1 2 1 4 4 2 1 1 3 2 1 2 4 1 1 3 4 3 1 3 1 1 1 2 1 1 3 3 2 4 2 3 1 2 4 3 4 3 1 3 1 1 3 2 4 3 2 3 1 2 3 4 3 2 3 4 4 2 4 2 3 1 1 2 2 2 4 2 1 2 3 2 3 1 3 3 4 3 2 2 4 1 1 2 3 1 1 3 2 4 1 2 1 3 2 1 4 2 1 4 2 1 3 1 2 2 1 3 2 2 2 1 1 2 2 1 1 4 2 1 1 1 4 1 2 2 3 4 1 4 1 1 3 1 1 3 3 2 4 1 2 3 1 3 2 4 3 3 1 2 4 1 1 2 4 3 2 3 3 2 2 4 3 3 1 3 3 1 1 4 4 2 3 4 2 4 3 3 1 1 3 2 4 1 3 2 4 1 2 3 1 1 4 3 3 1 2 3 1 1 3 2 3 1 4 4 1 1 4 1 1 2 3 2 2 2 1 2 2 3 1 2 1 1 1 3 1 3 3 2 2 4 2 1 3 4 4 1 1 2 1 1 4 4 1 3 1 3 1 4 1 2 1 1 3 1 3 1 1 3 1 3 3 2 3 1 3 1 1 3 4 3 4 2 3 1 2 4 2 2 3 3 1 3 1 2 1 2 1 1 3 2 3 1 1 1 2 3 4 3 1 3 2 4 2 3 2 1 1 4 4 2 4 1 1 3 1 1 3 3 3 4 2 3 3 1 1 2 2 1 4 2 3 1 1 1 4 3 3 4 1 3 3 1 3 3 1 4 1 1 1 1 1 3 2 3 2 2 2 1 3 3 2 1 2 4 2 2 1 1 3 4 4 2 2 4 3 2 2 4 4 3 1 1 2 1 1 1 1 1 2 4 3 1 3 3 3 1 4 4 2 3 4 1 1 3 1 1 1 2 4 3 1 3 3 1 2 2 4 1 2 3 1 4 1 1 3 1 1 2 1 1 4 2 2 2 4 2 1 2 1 2 1 3 3 1 1 1 3 1 1 1 4 1 1 3 3 1 3 2 4 1 2 3 2 2 2 3 1 2 3 3 2 1 3 2 1 4 1 4 1 1 1 1 3 3 3 2 1 1 3 1 2 1 2 1 2 3 4 2 2 2 1 1 2 2 3 4 1 4 4 1 1 3 2 1 1 4 1 2 3 2 1 1 3 2 2 2 3 4 1 2 1 2 4 1 2 3 2 3 3 2 2 2 1 4 1 3 2 4 2 2 1 4 1 2 3 3 2 2 3 2 4 4 3 2 4 2 3 4 1 4 2 4 3 1 4 1 1 1 3 3 4 2 1 4 1 1 4 1 4 1 2 1 3 2 3 1 3 2 3 1 1 3 2 1 4 1 3 2 3 4 3 1 1 3 1 2 4 2 2 4 3 3 4 4 1 1 1 1 4 2 1 2 4 1 3 3 1 1 1 3 1 1 1 2 1 2 1 3 2 3 3 2 3 2 1 2 3 2 3 1 1 2 1 4 2 1 4 3 2 2 4 2 3 3 2 1 2 3 4 1 3 3 1 4 2 2 1 2 1 2 2 3 1 2 1 2 2 1 3 4 1 1 4 1 4 1 1 1 2 3 2 3 2 1 3 1 3 1 2 2 4 2 1 2 3 1 1 4 4 1 1 2 3 2 4 4 2 4 2 4 3 1 2 1 3 2 1 4 3 2 1 1 3 1 1 1 1 1 2 2 1 4 1 1 1 3 3 1 1 1 1 2 3 3 4 3 4 2 2 1 2 2 4 2 1 2 1 2 2 1 3 3 2 1 3 1 3 1

The profit of 1400 tasks
260 99 21 101 52 45 48 21 31 42 51 42 134 110 42 118 121 32 189 85 43 140 45 188 100 107 222 113 177 57 139 170 54 343 67 20 195 109 120 207 270 205 27 39 73 118 22 115 20 172 21 188 347 24 27 229 41 65 133 93 181 210 29 348 44 189 34 184 56 166 151 138 42 134 41 53 311 118 89 118 25 93 42 55 200 89 115 130 191 72 21 39 129 165 45 38 146 188 51 55 248 167 41 199 158 116 349 121 173 333 101 175 115 59 58 97 57 62 195 117 74 76 168 93 197 296 96 95 104 175 199 29 79 344 174 33 309 39 31 115 244 36 196 186 301 184 126 197 221 69 218 42 97 181 135 58 170 98 35 177 48 105 147 20 103 76 173 148 99 323 105 30 46 98 118 48 111 29 28 69 40 50 317 103 58 57 118 54 292 51 58 51 110 112 170 54 125 56 126 160 48 75 125 57 31 59 302 121 222 138 163 132 32 194 213 61 58 58 94 144 196 42 168 68 61 165 99 66 105 314 23 47 58 43 341 104 120 49 175 154 20 331 146 42 157 87 54 243 190 59 59 130 186 21 181 100 52 334 99 135 103 93 51 349 199 60 62 127 43 90 185 53 243 62 288 38 37 93 318 119 43 55 87 28 173 26 119 117 47 222 195 102 54 181 33 137 131 26 103 86 54 295 24 87 23 248 107 193 174 162 314 24 87 100 163 187 101 141 178 149 151 32 43 102 51 72 84 163 171 242 236 50 51 163 21 290 46 176 35 190 86 88 30 55 196 100 187 26 113 24 302 41 236 50 49 58 51 56 99 30 105 23 292 132 107 80 57 108 119 27 20 31 89 25 57 289 274 75 67 306 157 29 81 93 107 39 40 188 38 349 43 264 76 56 42 185 115 52 60 315 150 249 109 152 45 302 190 102 28 68 29 88 235 258 192 36 52 54 40 30 114 315 39 20 22 33 46 114 84 56 180 56 169 77 148 126 85 87 48 157 182 78 112 133 38 45 257 50 126 49 88 22 290 181 329 120 26 39 106 200 43 43 108 58 43 27 109 53 181 147 28 48 21 112 32 191 101 111 168 52 71 32 156 144 34 278 155 32 137 20 74 59 53 89 40 39 31 43 48 305 47 68 80 170 68 162 20 106 115 184 57 61 55 41 112 62 102 88 46 194 173 279 51 56 146 89 39 105 171 167 32 181 133 168 133 158 104 186 114 110 79 41 60 260 55 62 23 193 154 45 44 30 50 172 22 54 147 44 22 25 41 121 34 79 36 94 43 297 28 26 287 24 228 168 153 66 292 54 38 302 41 55 71 54 34 261 102 41 112 123 44 40 324 59 45 25 56 24 45 112 29 101 35 270 186 70 41 20 154 85 27 90 349 47 21 182 270 134 50 177 32 22 48 78 44 46 120 187 99 188 92 136 52 81 236 111 311 121 25 148 46 45 146 94 294 116 103 109 30 90 116 206 192 119 157 276 297 112 262 58 129 26 23 104 119 106 267 98 40 55 178 89 174 47 180 180 263 150 82 111 220 27 28 103 193 29 24 142 55 258 26 99 46 183 65 31 203 79 47 284 52 54 123 58 105 82 55 144 114 116 80 39 30 73 90 41 42 203 77 33 26 37 214 47 71 115 170 349 31 189 37 27 142 53 28 106 156 104 289 35 111 133 28 135 74 318 120 105 56 68 223 45 34 85 194 115 111 100 158 99 110 181 119 117 53 177 188 55 37 318 256 80 101 296 53 222 149 197 32 50 100 83 325 22 197 114 281 30 53 168 24 32 213 110 165 23 116 186 48 20 112 112 144 46 195 251 53 28 187 57 34 108 196 85 105 91 23 91 92 105 30 107 23 24 31 130 22 116 125 52 113 260 67 52 158 319 312 41 57 63 31 32 308 236 56 145 46 136 41 273 34 53 44 56 154 32 112 58 57 153 34 172 115 74 119 30 139 57 29 166 328 167 303 99 104 40 54 330 111 118 178 182 46 111 24 82 32 60 29 58 197 79 182 57 32 32 94 196 272 182 49 196 93 287 76 129 84 49 55 227 196 73 319 45 38 152 39 55 108 137 127 296 74 167 193 50 32 94 116 33 212 111 163 58 24 27 346 127 116 198 52 107 147 42 128 170 36 204 27 46 30 51 59 193 51 159 66 99 99 30 129 178 98 30 111 209 76 90 55 26 194 213 223 64 55 325 101 81 100 338 245 140 32 37 79 41 40 60 55 43 87 344 160 43 191 196 183 51 237 274 94 105 274 27 60 130 30 30 32 93 306 187 33 121 138 32 69 118 318 36 59 109 40 329 29 60 110 35 59 66 37 49 277 105 90 66 207 85 58 55 58 59 39 168 165 36 39 58 179 49 42 56 292 49 40 139 160 25 198 54 331 41 112 157 82 94 71 197 25 73 191 149 111 31 173 63 60 217 27 243 42 23 30 24 168 101 151 66 44 52 179 40 61 25 50 51 92 157 344 63 71 119 39 55 85 67 148 213 38 245 180 43 28 124 86 33 37 307 30 105 192 115 30 43 157 50 62 85 154 189 54 73 29 60 284 48 77 120 105 200 181 79 107 91 23 330 31 176 85 275 77 99 47 287 31 78 170 109 67 118 118 118 253 259 104 73 343 88 104 348 20 267 104 225 116 53 251 30 40 45 182 129 347 96 44 203 35 28 247 33 333 58 97 46 161 75 172 35 151 62 121 25 59 130 85 50 193 32 100 118 186 233 162 31 47 165 21 80 309 93 89 289 181 197 336 301 27 51 55 52 193 115 22 78 207 50 163 105 55 22 29 139 40 24 59 66 53 109 29 135 62 136 130 120 110 93 38 107 140 55 169 31 23 109 24 349 92 46 256 133 76 58 273 108 157 107 96 47 69 154 189 36 130 191 48 279 63 99 23 96 50 70 86 163 24 82 58 50 69 39 176 226 44 23 290 38 196 47 26 40 97 149 106 143 113 41 197 59 118 26 112 103 340 104 60 81 156 51 36 210 285 41 28 106 169 115 281 184 104 291 78 319 192 40 100 59 121 90 30 242 111 88 20 57 192 27 42 53 57 32 91 111 28 204 52 27 51 163 141 41 54 22 32 75 174 165 306 194 216 75 56 28 104 57 261 84 60 111 20 97 104 48 168 148 62 30 112 32 116 23

The bandwidth demand of 1400 tasks
117 33 2 66 4 5 4 5 6 4 34 5 64 19 3 37 70 5 98 29 6 70 4 99 37 18 70 31 71 35 75 81 7 96 23 7 94 21 53 77 101 92 6 2 14 16 6 73 3 88 3 97 80 8 5 118 7 12 73 33 101 67 5 97 5 102 5 69 31 90 52 84 4 62 3 3 63 23 34 31 8 31 5 4 111 16 65 65 86 29 7 7 67 97 5 6 64 79 7 8 85 62 4 105 95 30 67 77 79 82 25 90 10 8 17 12 4 14 95 80 36 32 77 26 50 84 18 23 21 81 82 6 21 106 57 8 45 7 2 96 85 7 60 55 101 95 79 53 113 40 48 6 30 113 73 6 56 32 5 79 4 76 95 3 14 22 55 90 17 60 60 3 6 12 85 2 20 8 3 37 5 27 88 92 6 33 20 19 63 5 6 6 16 85 91 8 80 2 72 63 5 30 92 19 3 5 106 96 99 63 66 75 4 59 75 11 4 5 30 75 78 3 92 32 22 85 12 20 21 80 3 4 5 3 57 72 68 6 97 93 3 83 55 4 74 20 5 93 68 5 4 66 70 3 73 25 29 118 21 73 23 38 5 67 99 6 13 93 7 29 57 6 57 26 72 6 3 12 112 13 7 7 33 6 94 5 83 15 5 78 65 22 7 59 5 87 58 2 91 36 5 45 3 36 6 69 27 57 51 60 119 3 32 92 94 76 54 70 53 94 69 6 4 21 4 26 37 69 69 74 52 4 5 71 2 93 6 77 3 68 17 20 5 7 79 98 87 8 85 8 58 7 62 6 5 2 36 6 33 3 84 3 86 82 13 36 5 14 79 5 3 3 13 5 4 118 57 10 17 81 97 8 22 23 75 3 3 62 3 93 5 95 39 2 2 70 38 5 26 97 78 51 23 94 7 103 61 62 3 29 5 27 115 102 92 4 6 24 3 5 33 71 6 3 5 4 3 31 38 5 69 24 91 12 79 83 14 30 6 81 63 14 63 52 3 3 57 2 86 3 37 4 69 55 56 68 5 5 72 53 4 6 31 6 3 6 25 34 74 56 7 4 6 37 5 91 60 26 98 6 27 7 69 79 3 103 58 6 96 8 19 23 27 27 7 3 5 8 4 56 4 33 32 55 25 63 4 97 33 91 23 12 3 4 15 16 23 38 5 75 81 63 5 6 76 19 6 20 53 61 4 48 82 80 78 94 97 53 15 54 28 7 5 90 26 15 2 91 55 2 4 6 8 93 6 4 51 6 7 5 3 80 4 40 7 37 5 102 3 8 112 4 48 68 78 29 46 3 7 81 3 28 36 23 8 119 16 7 39 62 6 2 72 7 3 6 15 3 5 12 7 17 5 64 113 27 3 7 83 36 7 19 61 6 3 96 115 99 6 53 8 5 3 40 7 6 81 59 20 101 12 94 3 21 74 59 110 76 5 82 7 6 68 36 108 62 35 79 2 27 96 115 76 19 94 101 92 23 91 25 81 7 4 28 27 32 88 26 6 39 81 20 67 5 69 98 86 87 12 36 65 3 4 25 69 6 4 98 14 93 5 26 7 58 25 4 112 35 5 43 20 7 72 3 34 40 6 96 38 24 19 6 6 20 40 2 4 84 37 8 3 7 70 6 34 24 64 84 5 82 7 5 90 7 6 89 97 16 98 5 12 84 3 94 19 89 58 85 6 24 57 8 6 10 47 52 17 52 83 22 32 104 55 86 7 84 55 5 8 90 110 12 79 50 25 74 69 68 8 5 91 36 55 3 91 27 86 2 11 65 7 8 48 96 65 6 37 64 6 5 91 18 78 2 110 62 7 7 60 5 3 30 88 37 21 15 7 16 34 55 3 28 6 7 3 83 2 68 60 39 36 84 35 3 65 69 72 3 4 21 6 6 66 45 3 72 6 92 4 98 3 34 3 3 76 2 63 5 3 97 6 88 91 31 84 5 55 5 7 83 97 81 99 25 62 2 13 66 31 10 71 61 4 93 5 30 6 20 6 6 63 15 64 5 6 5 28 66 72 99 5 82 15 71 18 58 12 7 6 84 69 28 111 6 8 80 3 6 53 92 52 85 20 95 93 4 4 18 15 5 95 24 89 6 6 2 91 73 92 65 6 71 60 5 86 77 7 70 2 6 7 2 6 65 26 82 33 28 20 3 51 55 37 2 33 99 32 12 2 5 82 75 56 11 33 90 51 14 32 96 109 51 6 6 25 3 6 6 7 6 29 53 93 6 62 63 57 8 86 52 37 96 61 4 7 79 7 3 4 20 54 98 7 62 65 5 18 39 45 5 24 66 6 86 3 5 84 4 7 18 3 4 68 32 24 36 103 19 7 27 4 25 6 68 85 8 8 3 64 4 5 4 68 2 3 73 60 7 63 16 66 4 29 64 15 34 35 94 5 23 96 75 35 6 97 29 3 94 5 61 4 8 3 3 98 85 80 30 5 5 87 5 21 4 39 6 21 99 43 11 12 32 5 2 19 31 51 52 5 57 51 2 5 98 23 5 4 77 2 27 93 28 4 5 78 30 26 18 100 105 3 29 6 11 83 6 14 57 29 76 57 19 23 21 4 47 5 84 37 103 20 10 3 60 2 14 97 91 24 25 87 17 75 105 98 36 119 13 55 114 3 90 37 112 99 6 111 4 4 6 69 67 107 16 3 98 4 5 62 4 46 4 30 2 70 25 77 6 65 26 72 7 5 69 27 5 95 3 74 26 61 117 68 4 8 99 7 20 49 31 29 41 52 63 110 48 4 5 5 8 59 25 5 26 43 6 96 65 4 3 7 90 5 7 7 36 4 12 4 88 37 54 97 25 68 40 2 37 57 13 62 5 5 20 6 46 26 4 58 92 32 25 70 14 54 83 27 6 17 80 65 6 99 74 2 83 35 28 5 21 8 26 36 76 4 27 2 23 23 6 95 88 8 6 72 7 58 5 6 4 30 88 10 63 33 2 56 5 66 3 20 11 88 25 3 14 81 4 8 95 104 3 7 16 91 31 102 65 16 116 29 102 65 7 30 4 89 25 2 106 74 39 4 7 64 2 3 6 7 2 29 20 7 84 7 7 7 66 92 7 3 7 5 39 73 79 62 62 103 12 23 4 20 31 56 17 6 30 8 29 35 7 71 72 39 3 71 6 98 6

The power demand of 1400 tasks
30 6 2 19 2 2 2 2 2 1 10 1 16 3 1 5 15 2 8 6 1 19 2 9 3 4 17 7 14 4 11 11 2 22 8 3 17 5 15 15 25 29 1 1 3 8 2 15 3 16 1 8 14 1 1 16 2 5 18 6 10 18 1 22 2 14 2 11 8 8 12 10 3 20 2 3 22 7 10 7 3 3 2 2 16 3 11 18 16 9 1 2 13 11 3 1 14 17 1 1 19 15 1 29 8 3 11 17 13 21 5 12 5 2 6 7 2 5 16 10 10 6 13 7 12 13 6 5 5 9 15 1 7 14 18 2 23 1 2 13 23 1 21 29 18 15 16 12 12 8 28 1 8 11 10 2 17 5 1 9 3 15 15 2 9 6 13 17 4 10 17 2 1 9 9 3 6 1 2 6 3 6 29 13 2 4 10 8 27 3 1 1 7 11 18 1 12 1 12 19 2 6 9 8 1 2 17 16 16 9 15 13 1 13 20 7 2 1 6 13 19 1 17 8 4 12 7 7 3 12 1 2 1 2 29 8 14 2 10 18 2 24 16 3 15 10 2 11 17 2 3 13 21 2 16 9 10 19 9 19 4 7 1 24 16 3 5 12 2 7 10 3 27 9 14 3 2 7 14 6 2 3 8 3 19 3 16 3 2 21 10 4 2 17 2 9 8 3 15 5 3 28 1 9 3 16 5 9 19 15 28 1 9 19 10 17 13 18 15 12 16 1 3 5 2 8 9 8 19 25 11 3 2 10 1 19 1 10 1 15 5 9 2 1 9 9 28 2 9 2 17 3 10 3 2 2 4 1 8 3 12 1 10 13 4 7 1 8 16 1 2 2 3 2 1 18 20 4 4 21 13 1 7 5 18 1 1 11 1 26 1 16 5 2 2 20 6 3 10 27 15 24 5 20 1 13 17 17 3 5 1 8 29 16 14 2 2 4 1 3 5 29 1 1 1 2 2 8 9 2 17 8 14 6 19 17 9 3 1 19 14 6 15 16 1 2 12 2 11 2 10 2 27 9 30 19 1 3 19 16 3 1 5 3 3 3 10 6 11 15 1 1 3 7 2 25 11 5 16 3 3 1 11 12 1 28 9 3 14 1 7 3 8 6 3 1 1 2 3 21 1 4 7 16 9 10 3 10 9 17 5 9 2 1 5 4 8 5 1 17 15 27 3 2 11 5 2 6 9 15 1 13 13 13 15 17 16 16 8 13 7 2 2 16 7 3 1 12 18 3 2 1 1 19 2 1 13 2 2 1 2 12 2 4 2 7 3 28 2 2 10 2 17 19 16 6 13 3 2 12 2 9 9 6 2 14 7 2 6 19 2 3 18 1 2 1 4 2 1 4 2 5 1 15 22 9 1 2 12 8 2 8 15 3 2 9 26 10 1 14 1 3 2 8 3 3 14 13 7 19 5 19 3 7 17 19 26 13 2 16 1 3 12 6 21 8 9 16 1 7 19 22 18 8 17 26 26 4 30 6 9 3 1 7 7 7 17 4 3 10 13 5 9 1 10 19 16 13 5 7 14 1 2 7 13 3 2 17 6 17 2 8 1 16 9 1 30 4 3 17 6 1 12 2 8 8 2 13 5 7 8 1 1 6 4 2 1 19 7 2 3 2 12 3 5 7 11 28 2 11 2 2 11 2 2 14 14 8 26 1 8 14 2 9 8 23 12 11 1 8 26 2 1 10 21 11 6 17 11 10 5 13 11 19 1 14 20 1 1 25 20 10 10 16 5 13 13 13 1 2 17 4 25 3 12 7 13 2 7 17 2 1 23 8 15 2 4 10 1 1 17 8 17 1 25 15 2 1 23 2 3 9 16 5 8 4 2 4 7 8 2 7 1 3 2 14 1 16 11 6 4 22 7 1 11 25 20 3 2 4 1 3 12 11 3 19 2 14 1 24 3 6 2 1 17 1 17 1 2 18 1 9 10 5 18 2 12 3 3 12 14 15 15 9 13 2 6 13 9 3 14 8 3 9 1 8 2 9 2 2 11 4 15 1 2 1 5 20 22 14 1 12 4 29 4 16 8 2 2 24 18 7 18 1 1 13 1 2 13 14 16 18 10 17 15 1 1 7 6 2 11 4 11 3 2 1 21 16 10 22 2 15 14 2 11 14 3 18 1 3 1 1 1 8 8 18 5 9 4 1 13 15 9 2 8 19 8 7 1 3 16 24 14 6 7 28 17 9 7 24 12 18 3 2 9 2 2 3 2 3 8 13 10 1 18 20 17 1 25 12 5 12 25 1 1 16 1 3 3 4 11 17 1 11 12 1 4 9 27 3 7 14 1 17 2 1 18 2 2 10 2 2 25 4 8 4 27 6 2 4 1 9 1 12 14 3 1 3 13 2 2 2 28 2 2 12 19 1 13 6 27 1 4 13 4 4 3 12 1 9 15 11 7 3 17 5 2 28 2 13 3 1 2 2 12 8 13 4 3 2 9 1 6 1 10 1 9 17 23 4 8 8 3 2 9 5 19 26 1 17 14 2 2 8 6 2 2 13 2 10 11 5 1 3 13 6 7 6 16 27 1 7 2 8 26 3 4 13 3 16 12 5 6 9 3 15 1 18 9 11 6 5 1 30 3 6 12 19 8 8 11 10 26 11 10 10 11 4 14 30 3 28 8 10 18 1 11 2 1 2 19 10 13 6 1 11 1 1 26 2 17 2 5 2 9 5 13 1 16 5 12 2 2 9 10 2 18 1 16 7 16 28 20 1 3 18 1 7 26 6 7 27 17 20 26 26 2 1 3 1 23 5 2 7 11 2 13 19 3 2 1 18 2 3 1 5 1 8 1 8 9 18 11 9 17 6 2 5 18 5 11 1 3 4 1 19 5 2 13 12 6 4 14 8 20 9 4 3 7 12 22 1 15 17 1 22 6 9 1 9 3 7 6 12 3 7 1 6 6 2 8 14 1 1 19 3 23 1 1 1 4 18 6 14 4 1 15 1 18 3 6 8 24 7 1 10 13 2 3 19 28 1 1 8 18 5 26 22 8 22 6 23 13 2 7 1 12 4 3 17 17 3 1 2 13 1 3 2 3 2 7 4 3 11 3 3 1 12 19 1 2 1 1 6 10 8 25 19 28 9 8 3 4 10 11 5 2 10 2 5 4 2 9 20 7 3 20 2 13 1
