B=90	N=900	M=3	Cbw=29247	Cpw=8492

Modes
mode base_power
G 10
R 25
P 50

Task types
type name modes
1 enterprise_emergency G|R
2 maritime_airborne G|R|P
3 cellular_backhaul R|P
4 private_high_priority P

The bandwidth capacity of 90 beams
326 361 377 370 304 297 383 311 259 400
346 311 247 287 380 370 357 311 404 246
331 349 380 300 323 276 388 318 330 279
371 400 354 363 293 282 320 355 375 365
357 248 281 328 251 383 330 353 284 329
291 283 318 361 321 253 392 356 340 256
264 302 324 315 363 334 334 325 320 277
256 377 315 260 326 400 326 353 306 305
302 318 249 328 349 347 344 269 403 242

The power capacity of 90 beams
117 104 71 76 115 88 79 83 117 85
90 78 76 104 117 115 105 102 94 87
74 106 109 79 98 116 118 89 80 73
79 107 112 106 93 107 93 93 84 105
104 79 83 107 111 72 99 98 80 99
115 90 93 84 108 101 72 107 89 115
92 80 80 71 99 100 117 82 106 101
77 89 94 79 89 112 76 116 75 72
105 79 100 108 72 87 103 118 93 90

The type of 900 tasks
3 1 1 3 2 2 2 3 3 1 2 3 1 1 2 3 2 1 4 4 1 2 1 1 2 3 2 3 1 3 1 3 3 2 1 4 2 2 1 2 3 3 1 3 2 1 1 4 4 1 3 3 2 4 4 3 3 1 2 1 2 2 1 2 1 1 1 2 1 1 1 1 3 3 4 1 3 4 1 3 3 3 2 1 1 3 4 2 4 3 2 3 4 4 1 4 1 1 4 1 1 3 1 1 4 1 1 1 3 1 4 3 3 3 4 1 3 3 1 1 4 3 1 2 1 1 1 2 3 1 2 2 2 4 4 1 3 1 3 1 2 3 3 1 3 1 3 1 2 4 1 1 1 4 4 1 1 2 2 2 1 1 2 2 1 1 3 1 2 2 2 1 2 4 1 1 4 4 2 3 1 1 2 1 1 1 3 3 1 2 1 2 3 3 2 2 1 4 1 2 3 4 1 4 3 2 1 1 1 3 3 2 2 2 3 1 1 3 4 3 1 4 2 3 1 3 1 1 4 1 4 1 1 1 1 4 4 4 2 3 3 4 3 1 4 1 3 3 1 1 3 4 4 1 2 3 1 4 1 3 2 1 4 3 3 3 4 1 2 3 1 2 2 4 1 2 4 3 3 2 1 3 4 1 4 1 3 2 3 2 2 1 1 3 1 1 1 4 1 4 3 1 1 1 2 1 2 4 4 2 2 3 2 2 2 2 3 1 2 2 3 1 3 1 3 1 2 1 4 3 1 2 3 2 3 4 3 1 3 2 3 4 1 2 3 3 2 3 1 1 2 4 3 3 2 1 2 3 2 2 1 2 1 1 4 1 3 2 3 1 3 2 1 1 1 2 2 1 4 3 3 4 3 4 4 1 2 1 1 2 3 1 2 4 4 3 1 3 3 1 1 1 4 1 3 3 4 1 1 3 4 2 3 2 1 2 3 1 2 1 2 3 1 1 3 1 3 4 2 1 1 3 1 1 1 4 2 2 1 2 4 3 1 2 1 4 4 1 3 3 2 1 3 1 3 3 1 1 4 2 1 1 1 2 1 1 3 4 3 2 2 4 2 2 1 4 2 3 3 2 1 2 1 3 1 1 4 2 1 3 1 1 2 2 3 4 1 3 3 2 3 3 4 4 1 4 3 1 1 2 2 2 4 1 1 3 4 1 2 4 3 1 3 3 2 1 1 4 2 2 4 1 1 1 3 4 1 3 3 1 1 2 4 1 2 2 1 2 2 1 4 1 3 1 3 4 1 1 1 1 1 3 3 1 1 1 2 1 2 4 2 2 2 3 2 1 1 1 2 1 1 2 3 2 3 1 3 1 2 1 3 2 1 3 3 2 2 4 2 2 2 4 2 4 3 3 3 1 4 1 2 4 1 4 1 1 2 4 1 1 3 1 3 3 3 4 3 2 2 3 2 3 3 1 1 1 1 4 2 4 4 4 3 2 2 2 4 2 2 2 3 3 4 4 2 2 1 3 4 4 1 3 4 3 1 1 3 3 3 1 1 4 3 2 1 4 2 1 3 1 3 3 1 2 3 3 1 1 1 3 4 1 3 1 4 3 2 2 2 1 1 2 2 4 1 2 2 2 1 3 3 1 4 4 3 1 2 1 1 1 1 3 4 2 2 1 2 4 2 2 1 4 1 2 1 2 3 3 2 1 3 2 2 2 2 2 4 2 1 1 3 3 3 2 2 2 1 3 1 2 2 3 4 2 1 1 4 1 3 2 1 2 1 2 3 1 2 1 1 3 3 2 1 1 2 1 1 2 3 3 1 2 1 3 2 2 1 3 3 3 2 1 3 2 3 1 4 3 1 1 4 4 1 1 4 1 1 2 2 1 2 1 3 4 2 4 1 4 3 1 2 1 4 1 1 3 3 2 3 3 2 1 3 1 1 3 2 3 1 2 4 1 3 1 1 1 3 3 3 3 4 2 1 2 2 3 2 2 3 1 2 4 3 3 2 1 1 2 4 1 3 1 2 3 1 2 2 2 3 1 1 1 2 1 2 3 4 3 1 4

The profit of 900 tasks
161 41 37 105 56 106 119 160 131 46 78 147 54 59 64 165 117 36 332 340 26 86 48 34 118 188 111 160 54 154 50 188 148 93 32 338 73 107 28 56 121 187 48 160 109 24 49 329 328 21 143 163 107 341 340 185 194 36 63 60 120 100 55 83 33 39 41 57 26 48 60 57 200 182 272 22 131 230 58 183 118 191 57 20 25 144 224 64 224 112 108 162 335 311 25 209 20 30 266 20 35 124 53 52 216 57 27 41 176 31 250 168 117 121 299 49 181 177 21 38 257 169 50 83 39 30 39 64 164 30 104 80 72 272 345 38 139 59 115 27 79 133 186 24 110 58 186 28 119 287 43 26 22 324 305 47 50 89 113 62 32 49 91 107 26 33 175 37 59 76 97 24 50 233 56 49 281 187 99 155 51 45 87 44 43 20 195 168 45 102 35 63 178 148 77 59 35 263 54 94 129 243 51 328 160 97 28 49 59 171 191 90 113 89 131 48 33 168 313 102 29 219 59 178 21 188 46 36 202 26 296 59 42 26 39 348 255 238 95 181 172 244 170 32 182 56 184 180 41 56 110 315 313 39 89 127 46 190 60 155 90 55 302 145 105 119 335 45 119 101 40 101 84 264 46 78 253 148 145 114 32 176 296 23 259 28 188 119 200 87 71 49 56 112 27 53 46 258 52 298 127 38 37 25 102 30 60 229 191 50 119 126 50 90 74 53 146 33 94 90 139 34 107 43 107 30 67 36 256 183 35 98 162 77 165 283 113 31 163 91 191 188 33 120 114 112 120 104 58 58 76 276 107 112 54 46 69 164 84 95 51 87 39 55 266 32 159 66 196 31 191 85 45 20 40 109 57 52 263 195 102 213 161 340 270 57 68 27 57 109 165 55 115 285 202 182 47 180 159 57 31 35 220 40 170 139 307 41 37 140 349 58 169 96 44 104 104 53 79 27 54 191 56 22 144 33 155 292 65 42 46 119 34 36 44 296 87 83 51 61 258 171 37 88 57 206 189 54 187 165 87 58 128 56 107 117 32 42 259 88 47 30 24 111 48 50 120 350 195 111 106 327 109 67 41 252 70 190 175 95 25 89 22 159 44 57 283 51 60 182 58 32 89 77 153 241 43 152 180 95 164 132 336 318 43 338 179 54 60 65 108 114 308 59 34 175 346 26 82 301 109 34 161 192 82 53 51 284 111 63 255 30 37 47 140 192 35 161 161 37 27 71 343 58 57 67 26 88 78 27 200 20 152 23 141 219 28 46 58 27 45 107 177 60 48 22 105 23 68 324 83 113 115 149 68 34 51 23 104 56 54 51 129 72 194 21 128 52 116 33 191 79 48 111 146 72 117 180 112 86 77 257 55 214 101 131 176 51 318 49 54 306 54 275 20 42 75 314 24 43 181 33 163 166 148 253 121 62 60 115 78 183 147 25 43 29 49 301 81 288 318 283 135 53 85 110 197 76 101 97 129 198 271 196 94 78 30 173 294 197 33 125 238 111 27 60 135 176 200 21 52 343 153 79 34 206 84 32 172 33 198 135 55 104 188 152 37 49 55 140 262 49 123 42 254 121 102 114 63 43 25 65 106 347 28 93 92 68 28 165 176 28 260 255 179 55 66 27 26 27 39 129 256 119 78 22 84 180 70 68 46 190 60 88 45 51 127 180 59 50 140 84 59 112 104 54 307 98 35 34 199 193 163 117 78 85 36 148 40 84 112 146 237 77 59 41 331 28 103 79 60 77 21 118 153 44 84 33 42 157 183 100 58 59 64 45 56 68 145 166 35 50 32 174 95 77 43 199 136 104 113 42 154 113 179 38 316 100 42 42 263 188 59 55 247 42 35 103 67 22 51 36 167 338 118 183 58 204 105 57 76 57 343 59 53 135 108 107 121 100 85 35 188 34 32 111 64 114 29 76 343 29 101 41 39 56 155 185 159 125 326 103 60 78 54 171 101 78 193 31 104 193 177 110 71 56 21 73 324 32 109 47 120 136 22 108 102 119 195 36 49 59 107 32 116 103 326 104 60 347

The bandwidth demand of 900 tasks
87 8 6 57 38 20 22 53 72 5 13 91 5 2 37 75 11 5 94 55 2 22 8 7 24 87 24 67 7 64 3 70 66 14 6 60 33 25 7 22 82 80 3 93 37 4 4 40 94 6 73 80 35 43 56 61 80 8 27 6 35 38 6 25 7 5 4 11 6 8 7 6 67 52 101 6 55 101 5 78 64 68 31 7 5 54 41 19 100 94 31 51 106 120 7 119 6 5 83 3 6 97 6 3 43 4 6 6 72 7 93 72 100 77 86 5 65 75 4 5 84 50 6 35 7 4 2 19 93 2 36 40 24 80 73 5 83 2 85 5 34 99 97 3 79 5 79 2 36 74 5 5 8 55 77 4 2 40 15 17 5 6 14 22 8 7 54 6 27 32 25 6 34 53 4 4 109 51 10 58 6 4 11 3 8 2 73 73 8 34 3 11 89 69 18 14 3 88 3 31 75 56 3 112 94 29 7 8 7 85 81 18 20 29 63 4 7 97 119 55 7 66 16 67 3 93 3 4 41 4 110 8 3 5 7 83 114 61 20 86 75 54 83 7 63 2 74 82 7 3 73 104 100 3 36 83 4 48 3 77 27 4 50 60 71 66 43 8 17 68 7 21 18 75 5 27 45 56 91 40 5 66 95 3 120 4 90 16 57 12 34 4 7 97 4 7 4 111 2 78 70 5 5 5 23 5 27 70 41 17 10 88 13 40 39 27 98 5 24 15 67 8 96 6 71 7 17 5 117 64 7 32 85 24 58 62 70 4 76 24 89 47 6 19 80 80 13 81 5 7 29 42 87 73 31 3 32 86 25 17 5 25 6 3 116 2 67 36 87 4 56 37 7 4 5 30 20 2 42 73 76 86 92 89 46 2 28 5 2 38 85 3 24 42 44 90 8 68 79 5 4 6 56 6 88 82 62 7 7 74 73 39 78 31 4 18 81 5 22 3 24 78 6 2 73 2 58 66 16 7 6 50 4 4 4 49 19 26 6 12 45 58 4 22 4 111 100 6 60 75 29 6 62 7 97 62 3 3 58 31 2 3 5 32 5 3 91 40 63 14 37 50 10 20 3 47 15 85 71 11 7 19 5 56 5 2 50 27 5 60 6 2 31 34 68 88 7 89 80 39 56 61 70 70 5 43 88 8 8 28 32 12 42 7 5 80 40 6 38 49 62 5 86 61 16 3 7 72 34 21 49 3 2 7 94 67 3 93 69 7 5 22 70 2 25 35 4 25 11 3 40 3 62 3 79 70 6 6 4 5 3 91 65 6 3 4 23 2 37 72 30 36 18 57 25 8 4 7 32 8 2 39 54 30 96 7 87 7 23 7 68 32 4 63 67 40 18 89 20 32 25 118 14 61 88 81 78 5 50 7 31 102 5 63 2 4 13 103 3 4 85 3 87 54 64 54 75 27 28 99 32 89 59 6 2 6 5 108 33 114 83 96 55 15 21 21 115 13 18 31 84 65 61 109 15 31 4 58 102 74 5 62 109 64 4 3 64 73 91 6 6 108 75 38 6 98 38 4 75 2 65 52 3 11 66 51 3 4 4 66 92 4 81 6 88 57 19 27 11 6 3 40 10 110 3 31 21 27 4 93 88 5 112 78 92 4 24 2 8 4 5 65 106 14 15 5 13 80 16 15 8 78 2 22 7 23 95 98 23 2 88 24 25 22 30 28 57 23 3 3 81 74 90 23 13 18 7 77 4 15 21 61 67 38 2 6 99 6 79 25 4 39 6 28 77 7 22 3 3 59 98 14 7 3 17 7 6 23 78 71 6 34 5 62 24 38 3 74 62 51 14 7 80 40 98 2 98 67 7 3 90 97 6 4 59 4 3 28 25 2 20 8 75 42 31 114 7 70 89 5 29 8 93 7 8 82 66 18 74 57 20 5 76 7 4 88 13 83 2 30 63 6 70 7 8 3 84 70 91 98 111 40 3 36 30 73 32 40 95 2 40 43 69 58 16 3 3 25 49 7 71 7 33 88 8 12 29 39 79 7 7 7 30 2 25 65 110 90 3 71

The power demand of 900 tasks
13 3 2 8 5 5 3 12 15 1 5 15 3 3 4 9 7 1 11 15 2 7 1 2 3 10 5 11 3 11 2 13 18 5 3 26 5 6 1 7 13 18 1 16 7 2 1 10 14 1 8 10 7 27 29 17 10 3 10 1 6 7 2 4 1 2 2 6 3 2 2 2 11 17 28 2 15 28 3 13 13 20 6 1 2 16 17 6 12 19 10 13 14 16 1 23 1 1 30 2 3 16 1 1 27 1 2 1 16 2 29 13 19 14 19 2 18 14 1 1 14 18 3 9 3 3 2 10 14 1 6 7 10 29 23 1 14 1 16 2 5 9 9 3 12 1 11 1 4 21 1 2 2 15 18 2 3 5 6 7 1 2 3 4 2 3 17 3 5 5 4 3 9 11 1 2 24 18 5 19 1 2 6 2 3 2 11 15 3 6 1 7 19 11 6 4 1 20 2 4 17 24 2 24 16 3 3 2 1 8 15 8 6 4 20 2 2 11 22 9 1 20 8 14 2 16 1 1 18 1 18 2 2 2 3 25 18 26 8 9 18 25 17 1 22 1 14 15 2 1 12 16 17 2 7 20 2 19 2 20 4 1 26 17 17 12 11 2 10 18 3 4 7 22 3 7 13 16 17 7 1 11 18 2 22 2 14 9 16 3 9 1 2 12 3 2 1 29 2 14 15 1 1 2 9 1 3 12 15 6 8 11 9 8 4 9 13 3 8 4 10 2 16 2 8 3 7 1 20 15 1 5 15 4 18 12 15 2 20 3 16 29 2 6 19 14 7 16 3 1 9 18 19 11 4 2 4 18 8 6 3 8 2 3 14 2 20 7 15 1 15 8 2 3 2 6 4 2 19 15 9 25 17 15 11 1 5 3 1 8 19 1 9 24 14 15 2 9 13 2 2 1 14 1 19 14 26 2 1 9 23 8 9 6 3 3 8 1 6 1 7 19 2 2 13 3 15 14 9 2 2 16 2 2 2 15 4 7 1 8 18 9 1 4 1 29 27 2 15 9 4 3 10 1 17 12 2 1 18 3 1 3 3 6 1 1 13 13 15 3 6 17 4 3 2 14 6 19 12 4 2 6 1 12 1 1 17 8 1 12 1 2 5 9 11 23 3 17 11 4 19 17 16 28 1 24 16 1 2 7 4 5 28 2 2 12 11 2 5 28 11 2 20 10 8 2 1 21 6 8 27 3 1 2 19 25 1 17 18 1 1 4 19 1 6 6 3 8 10 2 14 3 19 3 10 14 1 3 3 2 1 15 11 2 1 2 9 2 8 25 4 9 8 9 5 1 2 1 5 1 1 7 10 3 14 3 11 2 4 2 13 8 1 18 14 7 8 11 9 3 7 25 4 13 15 17 8 3 13 1 6 23 2 17 2 1 6 11 3 2 15 2 17 9 12 23 12 7 4 13 5 20 9 1 2 1 1 23 5 18 25 14 11 10 9 8 12 9 10 5 16 14 18 18 6 9 1 16 20 13 2 13 28 12 3 3 16 10 19 3 1 23 15 5 2 16 6 1 8 2 12 11 3 9 12 11 1 1 1 17 16 3 11 2 18 10 4 6 6 3 1 8 9 20 1 5 8 4 1 12 11 3 19 24 11 3 3 1 2 1 1 13 20 10 6 2 10 18 7 8 2 21 2 9 2 10 20 10 6 1 15 7 6 4 3 10 29 10 2 1 20 11 12 5 5 8 1 10 1 5 3 13 10 5 2 1 11 3 19 3 2 4 2 5 16 1 4 2 1 14 10 8 3 2 8 1 1 4 17 16 3 5 3 8 5 5 1 17 19 13 6 1 14 9 9 2 10 19 1 2 16 14 2 1 29 3 2 5 3 2 3 2 8 22 6 10 3 17 16 1 4 2 15 1 1 16 18 4 17 10 3 2 11 1 2 10 8 13 1 5 22 2 11 1 3 2 8 13 17 9 29 5 1 9 7 19 10 5 18 1 6 30 19 12 4 1 1 6 15 3 13 2 9 17 3 5 5 3 10 3 1 3 8 1 9 10 30 20 1 15
