B=70	N=700	M=3	Cbw=22968	Cpw=6698

Modes
mode base_power
G 10
R 25
P 50

Task types
type name modes
1 enterprise_emergency G|R
2 maritime_airborne G|R|P
3 cellular_backhaul R|P
4 private_high_priority P

The bandwidth capacity of 70 beams
264 356 277 354 259 367 318 343 315 337
303 290 284 318 402 380 257 359 289 334
390 380 347 389 365 296 289 312 339 311
268 385 273 326 365 278 380 264 297 329
322 396 286 365 401 394 366 378 384 376
266 374 290 288 373 368 261 292 336 244
372 294 273 363 381 283 299 282 291 381

The power capacity of 70 beams
107 111 96 74 77 98 99 104 96 119
109 119 112 114 78 76 106 120 83 86
103 97 103 107 81 88 78 92 94 82
72 100 119 103 100 87 112 97 98 111
81 111 98 76 88 85 101 120 82 119
110 86 82 111 89 89 96 79 111 81
74 96 90 75 88 98 94 73 101 106

The type of 700 tasks
4 4 4 1 1 1 2 2 1 3 1 1 1 1 3 1 4 2 3 1 2 1 2 4 2 1 1 2 2 4 4 3 2 2 3 3 2 2 1 3 3 1 2 3 1 2 3 2 2 1 1 1 3 3 2 1 1 2 1 4 3 4 3 1 3 4 2 1 3 2 4 1 3 3 1 3 3 2 4 2 3 3 2 4 2 2 2 2 2 4 4 3 1 2 3 1 3 2 3 2 2 4 3 1 3 2 1 3 3 1 3 1 1 1 4 3 1 3 2 1 1 2 4 2 1 1 1 2 3 3 4 1 1 3 1 2 2 1 1 4 4 1 3 2 1 1 1 4 4 2 1 3 1 1 1 1 1 2 3 2 3 1 1 2 2 1 2 3 2 3 1 2 1 1 1 2 3 1 4 1 4 2 1 2 3 2 1 1 2 3 3 3 4 2 3 2 3 1 3 1 1 4 2 2 1 4 3 4 3 2 4 2 1 1 3 1 2 2 2 2 3 1 4 3 4 1 1 4 2 2 4 2 2 3 1 4 2 1 1 3 4 4 3 1 2 1 3 2 1 1 3 2 3 2 1 2 2 1 3 1 4 3 1 4 3 1 3 2 4 1 3 4 2 1 3 4 1 1 3 2 1 1 1 2 2 3 2 1 1 3 1 4 1 2 2 4 1 2 1 1 4 1 4 3 4 1 2 4 1 1 1 2 3 2 1 1 2 4 1 1 4 1 3 3 2 3 1 3 3 4 1 1 1 1 2 1 1 1 2 3 1 2 4 3 1 2 1 3 1 3 2 3 3 4 2 1 1 4 1 3 1 1 2 1 3 1 1 3 3 2 3 4 3 4 4 1 4 3 1 2 2 2 3 3 3 2 1 3 3 2 1 1 2 4 1 4 4 1 4 2 4 3 3 2 1 3 4 2 1 3 1 1 4 3 2 2 3 2 1 3 1 4 3 3 4 2 1 1 3 3 2 1 2 1 1 1 3 3 1 3 4 3 1 3 1 1 4 1 4 1 3 2 2 3 1 4 2 2 1 1 2 2 3 2 1 1 1 1 3 2 3 2 2 1 3 4 1 4 2 3 4 1 1 1 1 2 2 3 1 4 3 1 2 3 4 1 2 4 4 3 3 3 4 3 2 1 1 3 4 1 2 2 1 3 2 1 3 1 2 1 1 2 1 1 4 4 4 2 4 1 4 1 1 4 1 3 2 2 4 2 2 1 1 4 1 3 2 1 2 1 1 2 1 2 3 1 1 2 4 3 1 1 4 1 1 1 2 3 3 4 4 3 4 2 1 1 1 3 2 3 3 1 2 2 3 2 2 3 2 3 3 1 3 1 1 2 3 3 1 3 2 4 1 2 1 1 1 1 3 3 4 3 2 3 2 1 3 3 3 1 1 2 3 3 2 1 3 3 1 4 1 1 3 1 1 2 1 3 3 2 3 1 3 3 1 1 1 1 2 3 1 2 4 4 3 1 3 1 4 4 3 2 4 4 3 2 2 1 1 3 2 2 1 1 4 3 1 1 4 2 1 3 2 3 2 4 2 1 3 1 3 4 3 2 2 2 1 1 2 2

The profit of 700 tasks
270 229 261 39 56 26 95 118 51 166 58 44 45 38 148 43 299 62 192 44 104 35 117 268 66 29 40 70 88 240 302 193 119 61 184 130 92 100 55 143 197 48 56 146 43 84 178 51 52 43 58 31 168 124 114 38 60 102 32 295 133 336 191 29 157 270 92 22 141 96 192 54 124 133 51 155 132 79 266 89 163 189 97 271 70 120 90 119 63 339 198 120 56 67 101 31 132 118 123 85 86 244 155 23 181 101 45 143 163 58 163 48 26 48 278 172 44 177 77 41 41 95 239 67 38 37 51 75 132 125 293 24 41 171 49 104 107 50 28 225 272 52 105 64 38 41 23 199 288 66 32 169 37 50 32 25 21 74 144 75 170 52 47 107 53 31 88 183 94 153 38 56 51 29 26 62 102 46 299 51 208 57 38 90 142 72 24 47 90 187 150 119 207 86 166 80 185 60 132 49 49 290 92 97 40 225 197 332 117 60 257 88 54 27 192 46 59 83 71 50 146 59 252 157 299 51 25 309 77 117 223 85 95 194 29 282 76 43 49 173 298 216 104 35 69 34 199 109 38 21 148 95 128 111 54 55 106 51 116 34 316 161 49 325 141 21 163 64 246 58 110 350 73 54 156 337 30 48 151 91 57 37 31 71 88 140 110 58 58 114 58 196 39 67 86 327 47 117 44 40 339 37 207 101 307 56 112 272 38 28 26 120 163 90 36 37 90 236 53 22 274 52 177 151 81 143 35 138 112 250 52 60 56 56 89 30 59 58 109 189 55 56 264 139 30 81 47 117 28 195 111 137 150 256 97 50 33 318 53 138 36 42 79 53 136 53 24 159 161 94 112 329 154 241 197 53 340 142 28 58 65 92 126 102 140 115 46 139 199 87 34 42 64 231 39 186 203 41 327 84 301 131 111 80 47 190 291 83 45 161 34 46 280 116 62 91 151 93 26 189 29 250 151 100 265 59 52 45 186 136 98 33 100 60 48 34 153 154 30 141 265 120 43 174 31 42 327 28 245 49 179 67 102 182 53 267 114 92 34 35 98 108 149 106 49 27 40 23 198 85 161 118 75 41 112 210 41 317 61 142 344 27 52 34 29 66 86 110 47 347 123 60 54 103 342 58 82 350 220 137 186 185 343 157 66 41 54 136 347 54 78 110 59 158 88 42 106 56 86 56 60 80 56 23 281 314 218 75 263 48 211 37 28 332 50 115 53 75 317 82 119 51 20 310 50 139 66 25 74 28 41 107 56 64 192 42 24 72 204 139 54 45 190 31 23 55 98 110 128 182 302 136 198 80 44 54 28 147 120 147 188 30 119 102 177 58 85 160 63 132 115 24 104 45 48 86 180 185 48 100 94 255 47 70 51 21 53 29 194 142 266 172 98 111 100 43 119 130 155 22 24 70 181 120 82 41 171 192 53 226 33 53 174 33 35 81 41 128 128 87 102 58 164 104 29 37 28 39 60 162 55 113 321 268 178 38 181 26 247 207 101 93 334 238 126 84 83 23 51 183 92 108 50 29 323 120 44 43 241 79 38 198 118 198 100 199 72 39 178 52 119 242 107 111 99 73 41 59 72 51

The bandwidth demand of 700 tasks
44 94 102 2 7 3 24 34 4 62 3 8 6 4 86 8 51 28 83 4 34 8 33 85 13 5 6 30 27 91 81 92 22 31 68 61 14 22 3 57 52 2 18 97 4 22 69 40 27 6 3 6 71 60 13 5 7 23 3 105 79 73 58 7 78 52 11 3 88 20 46 6 60 77 3 59 58 33 78 30 57 79 16 106 10 13 12 21 37 116 74 82 6 28 75 2 64 32 65 13 15 76 63 7 95 17 2 65 82 7 57 3 8 8 87 77 5 83 37 7 5 30 119 19 7 4 5 34 79 67 57 6 2 90 6 26 34 7 5 86 43 8 74 39 6 6 5 115 53 33 7 88 4 5 5 4 3 13 61 37 94 3 6 25 18 4 33 55 16 94 2 16 6 4 6 24 59 7 66 5 78 11 3 33 73 28 6 5 12 51 50 94 81 37 61 19 87 3 98 6 8 85 29 12 6 97 67 45 81 27 40 38 4 4 74 2 14 36 14 14 59 4 117 89 63 3 8 64 39 36 114 32 13 93 4 49 32 5 2 80 49 102 81 3 13 8 64 35 5 3 62 38 94 33 4 38 26 5 56 7 92 71 4 82 88 7 76 22 109 3 62 111 31 4 78 56 4 7 57 18 4 3 3 17 13 80 20 2 3 57 7 76 6 20 11 89 7 35 2 3 85 5 48 78 80 4 38 88 8 7 8 31 86 28 6 6 36 120 3 6 84 3 52 59 22 54 4 57 96 53 7 4 3 7 21 5 5 2 24 81 5 35 46 93 4 27 3 86 7 51 35 84 99 101 23 4 6 59 5 62 8 5 32 7 75 4 2 85 76 36 58 47 52 101 111 3 102 90 2 16 17 21 95 66 92 26 6 78 83 12 8 4 38 63 3 71 74 2 47 18 108 98 56 36 7 72 88 22 6 76 3 3 45 77 31 26 82 23 6 95 4 43 64 83 44 26 7 6 96 91 22 3 21 4 6 6 58 53 5 69 42 98 4 53 7 3 70 3 88 5 87 19 37 93 2 116 18 23 2 5 13 36 98 32 3 4 4 4 70 13 86 22 30 3 94 62 5 95 36 95 103 4 3 3 6 22 15 89 6 59 93 6 33 66 75 5 18 55 98 98 94 66 56 78 29 7 7 59 48 3 25 34 4 92 15 3 64 5 24 3 6 15 6 3 93 106 56 39 74 5 71 6 5 113 4 59 28 38 87 17 16 4 4 96 5 63 38 5 16 4 7 32 7 27 93 4 6 22 119 77 8 8 109 8 8 8 35 87 89 68 93 88 74 19 6 3 7 84 29 61 61 6 23 22 73 19 35 80 23 66 56 4 85 5 6 21 97 69 2 73 28 97 8 10 4 8 6 8 73 94 90 58 20 65 13 2 94 93 62 4 3 32 89 62 11 4 54 64 5 107 3 5 60 4 4 27 7 50 85 29 73 7 55 59 6 6 3 6 10 63 6 21 85 48 66 4 72 4 51 106 97 27 81 104 76 11 35 5 7 86 28 37 4 5 56 61 6 4 73 21 4 84 14 54 29 78 29 5 53 4 86 118 50 35 35 27 5 6 18 21

The power demand of 700 tasks
28 19 16 2 3 1 4 8 1 10 2 2 2 2 10 1 28 5 14 1 6 3 3 23 7 1 1 9 9 29 29 11 7 8 16 11 8 5 2 16 13 1 4 19 2 6 20 5 10 2 1 1 15 15 10 3 2 10 2 15 14 29 16 2 18 19 9 3 19 4 18 3 9 20 2 11 14 4 20 6 19 20 9 26 4 5 5 4 8 13 24 9 1 8 13 2 17 6 19 4 5 24 11 2 11 6 1 11 11 3 10 2 1 3 16 14 3 16 5 1 2 8 14 4 1 2 2 6 19 8 14 1 1 12 1 10 6 1 1 11 14 2 13 4 1 2 1 16 12 6 3 12 2 2 2 2 1 9 17 3 8 1 1 8 3 1 9 11 9 12 2 4 2 2 1 7 14 1 11 1 21 5 2 6 13 9 3 2 9 10 9 18 21 10 8 8 16 2 18 3 1 19 8 10 1 23 14 13 9 8 25 5 3 2 10 1 7 6 5 10 14 1 14 16 21 3 3 28 5 9 25 5 10 9 2 26 9 1 2 9 13 20 16 2 4 2 15 10 2 2 12 6 19 5 2 5 8 1 18 2 21 9 3 25 13 3 16 5 20 2 13 18 9 2 17 26 2 1 11 7 2 2 1 9 6 14 5 3 1 17 1 24 3 6 8 25 1 8 1 2 15 1 20 9 11 1 3 20 2 1 2 4 12 7 2 1 10 27 1 1 23 2 8 17 8 18 2 15 10 23 2 1 2 1 5 3 3 1 4 18 3 7 29 15 1 6 1 18 1 15 5 13 14 22 7 1 2 26 2 19 3 2 5 2 14 3 2 12 17 6 15 20 10 13 19 2 18 11 3 9 10 9 16 9 9 3 1 15 10 4 1 1 4 21 1 12 19 2 18 4 27 16 19 3 1 11 21 6 2 14 2 1 24 20 9 9 17 6 1 19 1 21 10 9 14 8 2 3 15 13 7 3 3 1 1 3 10 20 2 15 14 13 2 18 2 1 22 2 29 2 11 8 3 11 2 14 8 6 1 1 10 9 10 10 3 2 1 1 16 4 19 4 4 1 18 24 3 19 8 17 16 2 1 2 1 4 3 20 2 19 9 1 9 16 23 1 9 28 23 13 16 8 27 13 7 3 3 17 19 2 3 3 2 20 10 2 17 1 4 1 1 6 1 2 24 22 23 8 28 2 14 1 2 20 1 18 7 7 14 3 7 2 1 20 2 18 4 3 7 1 1 8 1 6 11 3 3 5 22 12 1 3 21 3 1 3 5 11 16 10 19 12 27 9 2 2 1 20 7 12 19 1 8 4 12 4 8 9 6 15 18 2 9 1 1 6 17 15 1 20 3 21 1 8 1 2 3 3 9 12 26 13 10 15 5 1 15 17 14 1 1 6 18 9 4 1 14 9 2 15 2 1 14 2 2 6 3 19 10 4 13 2 19 8 2 1 3 3 4 14 1 7 20 20 17 2 10 1 11 13 12 8 10 17 8 4 5 2 2 11 6 6 3 3 28 10 1 1 21 6 1 14 6 17 10 16 6 2 11 2 20 18 12 9 4 9 1 2 9 4
