B=60	N=600	M=3	Cbw=19320	Cpw=5731

Modes
mode base_power
G 10
R 25
P 50

Task types
type name modes
1 enterprise_emergency G|R
2 maritime_airborne G|R|P
3 cellular_backhaul R|P
4 private_high_priority P

The bandwidth capacity of 60 beams
296 296 343 254 334 373 285 291 272 257
245 262 277 274 329 392 372 365 317 318
310 314 382 292 246 292 382 273 376 350
338 243 292 336 340 335 384 337 368 318
379 296 335 384 334 342 316 362 292 279
283 381 319 302 344 381 381 302 264 384

The power capacity of 60 beams
78 116 114 91 85 109 105 75 113 105
106 81 114 93 100 74 107 76 117 95
85 96 73 76 92 86 103 84 90 86
115 98 110 111 107 114 80 99 85 98
120 84 117 98 117 83 84 80 95 79
86 89 85 114 110 91 107 81 77 92

The type of 600 tasks
3 2 2 4 3 2 1 1 3 2 2 2 1 3 2 1 2 4 1 1 3 1 4 1 1 4 4 1 1 1 4 1 3 4 2 3 1 1 4 1 1 3 4 1 4 4 3 1 1 1 1 1 3 1 3 2 3 3 1 3 1 2 1 1 1 1 2 1 1 4 1 3 3 3 3 4 3 2 2 4 3 2 4 1 1 2 3 1 3 1 4 1 4 4 3 1 1 1 3 3 4 1 1 1 3 3 1 4 2 2 2 3 1 3 3 4 2 1 1 3 3 2 1 3 4 4 4 3 1 4 3 1 3 3 2 3 1 1 2 2 1 2 2 1 1 3 3 2 2 4 3 3 3 1 1 3 2 1 2 1 1 2 1 1 2 3 3 3 2 1 2 4 4 4 2 1 1 4 3 1 3 4 3 3 1 2 1 3 3 2 1 4 3 3 3 2 3 2 3 2 4 2 4 3 1 3 3 2 3 3 4 3 2 2 2 2 3 3 4 2 3 1 2 1 1 3 1 2 3 3 3 3 2 2 3 1 1 1 1 1 1 1 1 4 3 4 3 2 1 4 1 2 2 1 2 2 4 2 1 3 1 4 2 1 2 3 3 4 1 1 1 3 4 2 1 2 3 1 1 1 1 3 1 3 4 2 3 1 3 2 2 2 1 2 3 3 2 1 3 2 2 3 2 1 2 1 3 1 1 1 4 3 3 2 3 2 4 4 3 1 2 1 3 1 1 2 2 3 3 3 1 4 2 2 3 3 2 1 4 1 3 4 1 1 1 1 3 1 1 3 4 3 3 1 2 2 1 1 1 3 4 3 1 3 2 1 2 2 2 1 2 2 2 1 1 4 1 3 1 3 1 3 2 1 3 2 1 4 1 3 3 3 4 2 1 4 3 1 1 2 1 3 1 3 3 2 4 2 2 2 1 3 2 1 1 2 1 3 4 3 1 3 4 4 2 1 2 4 1 1 3 2 2 1 2 2 1 4 1 1 1 3 3 1 4 2 2 1 4 2 2 4 3 1 4 1 1 4 1 4 2 2 1 4 1 4 1 4 1 3 1 4 3 4 4 1 2 1 2 3 1 3 3 2 4 2 1 4 2 1 2 2 1 3 2 4 2 3 3 1 2 2 1 2 1 3 4 4 2 2 3 2 1 3 1 2 2 4 1 1 2 1 1 1 1 2 1 2 3 2 1 1 1 4 1 3 2 1 2 1 1 2 2 3 1 1 2 4 1 2 2 3 1 4 1 2 2 2 2 3 1 1 3 1 1 1 4 4 3 4 3 2 2 4 3 2 1 1 2 1 1 4 1 1 1 4 4 1 2 2 1 3 1 3 3 2 3 2 1 1

The profit of 600 tasks
139 111 93 302 172 55 50 59 101 80 95 65 32 185 76 41 90 216 29 60 106 60 180 43 30 349 189 60 31 27 191 43 186 210 75 111 37 25 285 25 42 128 268 59 319 214 170 58 48 25 60 36 190 45 178 113 102 188 30 162 58 73 30 60 55 22 67 28 25 256 60 190 160 108 192 201 178 98 84 308 188 108 230 37 41 71 184 42 130 31 200 41 213 302 198 54 54 33 190 104 342 43 57 39 119 173 37 311 110 109 100 172 58 158 102 322 89 44 54 160 180 120 20 153 204 213 303 133 55 329 163 20 116 128 97 140 32 43 73 76 58 56 66 40 49 177 163 101 96 248 170 147 181 43 41 120 71 41 65 22 52 71 52 30 102 123 123 168 72 51 90 314 234 271 90 21 27 259 178 24 150 257 123 170 37 63 47 187 137 110 44 292 200 148 137 98 185 108 133 67 291 59 252 191 56 168 196 82 106 175 343 182 78 88 98 105 131 128 339 93 112 37 91 32 46 193 41 107 105 146 121 166 52 74 192 24 34 23 27 38 36 41 48 254 111 219 193 64 45 343 35 63 67 36 81 71 308 51 54 125 43 331 68 55 63 194 132 279 58 23 35 119 321 50 26 111 157 22 57 35 25 184 52 123 341 95 199 43 183 110 116 61 57 66 199 110 83 28 190 60 57 128 102 40 54 48 188 44 36 59 245 136 107 53 174 58 334 326 134 50 54 42 180 33 56 106 113 173 179 124 36 331 52 103 113 136 80 21 213 55 107 311 54 52 49 24 161 44 47 198 281 186 136 28 93 108 43 27 45 178 258 180 40 155 102 37 72 78 95 27 107 79 80 30 58 307 26 101 28 163 32 118 103 33 136 109 26 262 59 147 183 135 301 83 38 267 144 36 21 105 31 177 31 111 120 103 266 61 64 119 58 155 94 22 36 108 30 183 347 167 59 195 337 205 94 59 102 190 27 41 178 64 112 56 66 67 39 189 43 20 34 174 105 45 321 109 93 54 329 76 75 316 129 47 350 33 45 215 37 190 90 113 48 346 49 214 23 193 41 101 52 234 197 262 246 59 120 58 65 173 22 114 114 85 249 79 22 215 71 29 82 56 50 180 115 294 108 121 110 53 84 112 38 102 27 189 206 256 92 101 134 118 34 159 50 107 103 209 32 34 100 26 25 29 29 96 26 117 169 72 47 44 48 187 20 169 75 32 50 30 27 80 81 164 25 27 64 197 55 105 75 150 55 221 52 72 91 83 116 104 52 40 195 25 39 49 254 247 134 344 119 91 102 252 173 69 24 34 70 48 23 182 45 45 44 252 185 34 101 58 40 164 51 104 130 116 191 78 30 23

The bandwidth demand of 600 tasks
70 11 35 78 95 37 7 6 61 21 39 29 3 93 12 5 33 95 4 6 57 4 49 7 2 116 90 7 3 7 60 2 99 66 24 60 6 4 84 5 5 62 71 3 61 118 79 4 4 6 6 7 97 3 67 27 77 92 6 76 5 16 3 8 2 4 33 3 3 115 4 73 87 82 59 45 57 33 11 114 58 19 53 6 5 38 72 5 60 3 64 2 88 81 75 2 7 4 69 55 85 5 4 3 95 100 7 48 29 28 18 70 8 81 99 46 15 5 8 62 56 30 5 97 114 97 99 93 4 50 79 7 53 96 23 53 5 4 40 21 6 16 24 7 4 90 98 14 27 59 55 77 95 7 5 60 24 7 30 3 2 27 3 3 39 88 84 100 15 5 12 68 114 99 22 3 4 51 61 3 64 60 65 99 4 39 7 53 51 20 8 115 86 74 51 26 94 12 52 21 92 15 67 51 7 67 94 40 95 81 45 60 12 22 27 10 98 81 91 18 88 4 18 2 7 96 4 22 80 57 91 80 40 27 53 5 6 6 6 4 3 5 6 80 87 69 64 13 3 52 3 14 25 7 35 21 97 14 7 93 7 45 26 7 36 73 88 72 8 6 7 60 119 27 8 18 73 3 6 6 3 85 8 78 65 29 64 8 78 28 16 38 3 11 77 56 19 4 82 11 16 65 19 6 19 7 86 3 6 7 117 69 98 32 53 35 40 75 87 8 19 4 84 7 4 30 18 83 83 93 5 77 32 31 75 86 24 6 42 7 70 106 8 8 3 3 72 4 7 73 68 50 56 5 34 32 8 8 3 76 116 56 2 75 25 2 25 16 24 2 30 40 20 7 8 101 5 70 7 64 7 98 10 3 65 27 3 43 5 74 52 91 61 26 4 76 63 3 4 32 8 94 8 93 52 14 63 40 13 18 6 94 21 3 8 38 5 61 85 71 5 61 54 65 11 3 12 105 5 5 63 34 40 4 40 15 3 73 4 8 3 86 83 6 73 23 17 4 40 27 27 88 75 2 81 3 8 59 7 106 16 10 4 88 4 74 8 65 4 56 3 76 69 69 63 3 21 2 24 77 6 74 84 17 51 21 8 91 11 2 25 22 6 69 12 64 30 93 74 5 12 22 7 11 6 66 71 114 30 14 60 11 2 92 8 13 13 55 3 7 25 5 7 3 2 19 7 28 70 21 6 4 6 52 3 65 35 3 21 3 5 20 23 84 5 4 17 82 6 14 35 83 6 49 6 28 39 18 12 93 5 6 82 5 3 3 46 106 55 118 82 15 24 84 63 25 3 4 39 4 4 100 3 5 7 59 65 6 13 39 5 66 8 81 50 17 83 23 6 4

The power demand of 600 tasks
18 4 7 14 15 7 1 2 17 5 9 8 3 15 3 1 4 14 3 1 11 3 23 1 1 25 12 2 1 1 28 2 10 19 8 19 1 3 16 2 2 12 30 1 24 20 15 3 2 1 3 2 10 3 11 6 13 18 1 8 1 10 2 1 1 2 10 2 3 20 1 13 13 11 14 15 10 8 6 11 16 8 26 3 1 4 16 3 8 3 18 2 13 18 20 1 2 2 11 20 18 1 1 1 10 9 2 12 4 4 7 10 3 13 18 25 8 1 3 18 14 5 1 16 17 12 23 16 3 15 17 3 16 17 7 19 1 3 9 8 2 7 8 1 1 14 13 6 5 17 13 17 12 3 2 13 9 1 7 1 1 6 2 3 7 15 16 15 9 2 4 12 21 18 4 1 2 17 11 2 16 10 11 19 3 7 1 16 20 5 1 19 18 18 20 7 14 7 15 9 18 7 28 13 1 13 12 4 18 8 12 18 4 6 7 4 17 18 10 9 20 2 8 1 1 20 1 5 19 13 15 18 9 4 9 1 1 1 2 1 2 1 3 25 13 26 13 7 2 21 2 9 4 2 7 7 17 7 1 11 1 17 10 1 3 11 10 12 3 3 2 17 15 10 1 9 20 3 1 3 1 14 1 10 30 6 19 2 19 4 3 9 2 6 20 11 4 2 13 5 8 16 6 2 8 3 17 1 2 1 24 12 11 7 14 4 26 14 19 2 5 3 9 2 3 10 9 9 14 20 2 22 9 6 11 16 5 1 24 1 16 30 1 1 2 1 11 3 2 13 15 9 19 1 10 8 1 3 1 12 13 16 2 18 5 2 8 6 8 1 10 6 4 1 1 16 2 13 1 14 2 17 5 2 17 9 1 17 1 13 9 16 18 6 1 29 12 3 2 8 2 18 2 9 16 9 26 5 8 10 2 14 4 1 2 6 2 18 13 16 2 12 24 21 8 1 5 16 3 1 19 7 6 1 5 7 1 28 2 2 2 11 8 2 29 8 9 2 21 9 10 13 14 3 22 2 1 28 1 12 8 8 3 20 2 29 1 10 2 9 2 16 10 15 21 2 6 1 6 11 2 10 18 5 21 4 1 18 6 1 8 8 3 11 9 13 6 15 18 2 5 7 1 8 3 16 26 27 8 5 14 10 3 8 2 8 5 22 1 1 10 1 2 2 1 6 1 7 16 8 2 3 3 21 2 15 5 2 9 1 2 8 3 15 3 1 4 14 2 8 7 10 3 14 1 8 9 9 4 15 2 3 17 1 1 1 12 13 13 10 13 7 4 21 12 4 3 1 3 1 2 13 3 3 1 23 16 2 10 7 3 13 2 11 11 10 15 10 2 2
