B=80	N=1600	M=3	Cbw=48862	Cpw=12826

Modes
mode base_power
G 10
R 25
P 50

Task types
type name modes
1 enterprise_emergency G|R
2 maritime_airborne G|R|P
3 cellular_backhaul R|P
4 private_high_priority P

The bandwidth capacity of 80 beams
619 555 736 476 511 529 583 585 680 485
591 645 558 632 625 707 603 521 734 487
513 722 633 518 713 632 551 623 532 543
497 673 533 724 696 741 468 600 629 654
560 615 517 621 747 581 562 686 518 738
683 688 615 696 665 542 485 741 513 707
645 536 578 627 701 722 497 690 657 499
700 742 526 619 636 615 507 691 563 574

The power capacity of 80 beams
153 191 147 183 122 176 130 122 200 141
174 188 175 142 178 146 159 185 192 157
197 134 150 136 160 198 164 194 184 127
159 130 159 170 176 189 177 149 147 159
124 148 122 130 137 177 166 128 168 149
121 190 136 202 153 196 144 160 167 185
201 180 125 164 161 131 137 181 169 125
124 145 186 142 176 190 145 158 170 193

The type of 1600 tasks
2 3 1 2 1 1 2 1 2 1 4 1 3 2 1 1 3 3 2 1 4 3 1 4 3 3 1 1 1 4 4 4 4 1 2 2 1 4 3 1 4 4 4 3 4 3 1 3 2 4 2 2 2 2 1 2 1 3 4 1 2 3 4 1 3 3 3 1 4 1 4 1 3 3 3 1 2 1 3 1 3 4 3 2 3 2 3 3 1 1 2 3 3 4 1 2 1 1 2 2 1 2 1 1 3 1 1 3 2 4 2 1 1 3 2 1 3 2 2 2 4 1 3 1 1 2 1 4 1 4 4 3 3 3 3 4 3 2 4 3 1 1 4 1 4 3 3 1 4 3 4 2 2 2 4 4 3 1 4 1 1 1 2 2 1 1 1 1 2 1 1 3 3 1 1 3 3 3 4 2 2 2 3 3 2 2 2 3 4 3 2 3 1 2 1 2 2 4 2 1 1 4 3 2 1 1 1 2 2 4 3 3 1 1 4 3 1 1 4 1 1 1 1 2 1 3 3 2 1 1 2 1 1 3 1 1 3 4 2 1 4 3 1 3 1 1 1 1 1 1 1 3 1 1 2 1 4 1 3 1 1 4 3 3 3 3 1 3 3 3 1 1 1 2 4 1 3 2 2 2 3 1 1 3 3 2 1 1 3 1 2 2 3 1 3 3 1 3 1 2 1 1 3 3 1 2 2 2 1 3 1 2 2 2 1 1 1 1 4 1 3 2 4 2 3 3 2 4 2 1 4 3 1 3 3 2 1 3 1 3 2 2 3 3 2 4 1 3 1 1 3 3 2 1 3 3 1 3 3 2 1 1 4 1 3 4 4 2 1 2 2 1 3 1 3 3 2 1 1 3 1 3 1 1 4 1 4 3 3 2 4 1 1 1 4 4 2 4 4 2 2 1 3 3 3 4 4 4 1 1 1 3 2 3 1 2 2 2 1 4 2 3 1 3 1 2 1 1 4 4 3 3 1 1 1 3 1 3 3 2 4 1 3 1 3 1 1 2 1 4 1 3 2 1 1 2 2 3 1 4 1 1 2 1 1 1 1 4 3 1 1 1 1 2 1 1 2 1 3 2 1 2 2 2 2 4 4 1 2 3 3 1 3 2 1 2 4 2 4 4 3 3 3 3 2 1 2 4 1 2 4 3 3 2 3 2 2 3 3 2 1 3 1 1 1 4 1 2 3 3 3 4 2 3 1 2 3 2 2 2 1 1 4 1 3 2 1 2 3 4 2 1 4 1 2 3 4 4 1 1 1 3 1 1 2 4 1 1 2 3 3 2 2 1 1 1 2 4 2 3 1 2 3 2 3 3 2 4 1 1 2 3 1 2 1 1 4 3 3 1 2 1 1 2 2 2 1 3 2 1 3 2 1 1 2 3 4 1 1 1 4 2 1 2 2 4 3 3 4 1 4 3 2 2 3 1 4 1 4 2 4 2 2 3 2 1 2 2 1 3 2 3 1 1 3 3 1 1 3 2 3 2 3 2 2 3 3 1 1 2 3 3 2 1 2 1 3 3 3 3 3 2 3 3 3 2 2 2 3 1 4 3 3 2 2 3 1 4 2 4 3 4 1 2 3 2 1 1 4 3 2 2 4 2 1 3 2 4 1 2 4 3 2 4 1 2 1 2 3 3 1 4 1 1 3 3 1 3 4 3 1 3 3 2 4 1 3 3 1 3 4 4 4 3 4 1 3 1 4 3 2 1 1 3 2 1 3 1 3 1 4 1 3 2 4 1 3 1 1 1 1 3 2 3 1 3 4 4 1 4 2 1 1 3 2 4 1 1 1 2 1 4 1 1 3 1 4 3 3 1 2 1 4 1 1 1 2 1 4 3 1 2 3 1 4 3 2 1 2 3 1 2 4 3 1 4 1 3 3 4 1 4 3 2 2 1 4 3 2 2 3 2 1 1 2 1 1 4 1 4 2 4 3 1 1 2 2 2 3 1 4 1 1 3 1 2 1 4 1 1 2 1 1 3 4 1 1 1 2 1 1 2 3 1 3 2 2 4 2 1 2 3 3 4 1 2 2 3 4 2 4 1 1 2 2 4 2 2 4 1 2 4 3 2 4 3 4 1 2 4 4 3 3 3 1 2 3 1 1 3 4 1 1 1 3 1 1 3 2 1 1 1 1 2 3 2 2 4 4 4 1 2 1 1 1 2 1 1 1 1 1 1 1 4 3 3 1 1 1 3 1 3 2 1 1 2 3 2 3 3 3 3 1 4 1 1 1 2 1 2 1 2 1 2 2 1 2 2 2 1 1 2 1 1 1 1 1 2 4 1 2 3 2 3 4 1 3 3 1 4 1 3 2 1 4 3 2 4 2 3 4 2 4 3 3 3 4 4 2 3 1 1 2 2 1 2 1 1 1 2 2 2 2 3 3 1 3 1 2 1 3 1 1 1 3 4 2 4 1 2 3 2 2 1 1 2 1 3 4 1 1 1 1 2 2 2 1 1 2 3 3 1 1 2 3 1 1 2 4 2 3 2 3 1 3 1 3 2 3 2 1 2 3 2 1 3 2 4 4 1 2 2 1 3 2 3 1 1 2 4 3 2 4 4 3 3 2 4 2 1 2 4 1 3 3 1 1 4 3 3 1 3 1 4 1 3 3 4 2 4 1 2 1 2 2 3 1 3 3 3 2 3 4 3 3 3 1 1 3 2 3 1 1 2 4 3 2 1 3 3 1 4 3 1 2 2 3 2 1 2 1 3 1 2 1 3 3 1 2 3 4 3 1 1 1 3 1 2 4 2 4 2 3 4 1 1 1 3 3 2 2 2 2 3 4 2 2 4 3 1 1 3 2 1 1 3 4 4 2 1 3 2 2 1 3 1 1 3 1 4 3 1 2 4 3 1 1 3 3 1 1 3 2 2 3 1 4 2 4 1 2 3 4 1 2 2 4 2 3 4 1 3 3 1 3 3 2 1 1 1 2 4 2 4 1 1 4 1 1 2 3 2 2 1 4 2 3 1 1 3 4 2 1 1 3 4 1 1 2 1 2 4 3 4 2 3 1 1 1 3 4 1 1 1 2 3 2 1 3 1 4 2 1 1 1 2 1 2 3 2 3 2 3 1 4 3 3 2 1 4 2 2 1 4 3 3 2 2 2 4 3 2 3 1 1 1 2 3 3 1 4 1 1 3 1 3 4 3 1 4 1 3 1 2 2 2 1 2 3 1 1 2 4 1 1 2 2 2 1 1 4 4 3 1 1 4 1 1 2 1 1 1 1 3 1 2 1 1 2 1 1 3 2 4 4 1 3 4 4 2 1 1 1 1 2 1 3 3 3 4 3 1 2 2 4 3 3 1 2 3 4 3 2 2 3 2 1 4 4 2 2 3 1 1 1 3 4 2 4 2 1 2 3 4 4 3 2 2 2 3 1 1 3 3 1 1 3 4 3 1 2 2 2 4 2 3 2 4 1 1 3 2 3 4 1 1 4 4 2 3 3 1 4 1 1 2 2 3 3 4 2 1 3 2 1 3 2 3 1 3 1 2 1 1 1 1 3 1 2 2 2 4 1 1 1 1 1 1 3 2 2 1 4 2 1 1 2 2 1 2 2 4 2 1 2 2 1 4 1 1

The profit of 1600 tasks
79 183 28 61 40 46 59 42 113 44 249 52 136 103 41 49 198 152 111 23 257 165 56 318 128 101 46 52 52 322 244 249 336 27 81 88 60 252 122 54 315 268 224 181 231 173 51 154 52 311 85 87 69 77 32 72 46 122 331 26 86 103 274 53 174 144 189 40 215 44 229 42 159 142 168 37 57 48 106 32 153 274 124 119 113 101 108 158 32 31 116 108 169 340 33 105 27 53 116 70 28 90 55 53 177 20 40 120 110 274 59 59 58 176 78 22 161 75 114 78 225 38 129 39 48 120 32 208 22 305 317 138 166 137 139 190 145 64 339 103 51 32 231 23 211 103 154 32 266 154 241 93 74 79 278 247 111 30 200 48 53 49 110 52 53 46 46 56 88 37 27 123 145 26 43 141 176 142 297 90 96 68 148 118 83 71 83 136 262 172 75 171 41 112 25 97 96 239 94 48 27 286 186 93 32 30 44 76 106 257 131 180 26 29 210 133 32 41 224 45 53 36 56 84 33 182 163 80 26 24 119 43 55 149 20 59 153 322 119 40 302 110 39 194 25 41 26 33 41 35 33 153 60 52 116 41 197 41 182 58 51 243 157 167 118 167 48 101 196 129 27 60 57 59 350 26 131 89 60 52 142 27 23 133 166 114 25 24 190 30 65 69 102 32 185 132 57 105 50 96 56 24 150 178 39 78 91 115 58 131 55 55 100 57 39 39 42 23 187 40 118 77 344 50 160 111 57 218 101 46 194 144 35 131 125 64 29 179 45 142 101 120 139 106 56 184 43 121 44 48 124 173 97 53 121 129 36 150 106 53 56 44 309 56 187 280 248 78 45 52 81 50 123 32 158 190 92 20 32 169 45 172 42 26 192 22 222 113 170 79 261 26 37 23 279 268 95 285 207 115 60 25 168 185 131 350 270 221 35 41 54 115 115 102 44 84 64 50 40 278 61 120 37 102 44 82 56 59 280 194 118 139 60 25 29 152 23 142 155 80 333 43 106 27 181 29 34 107 44 180 28 155 81 57 30 108 69 107 55 342 52 58 56 34 22 50 33 246 157 31 27 45 31 62 39 60 67 54 174 95 47 115 106 75 76 180 296 23 52 152 134 32 200 71 41 62 215 106 273 185 114 153 134 112 95 30 81 263 33 54 285 188 115 97 167 104 70 133 183 119 32 179 36 20 46 317 58 70 200 114 161 267 77 173 52 65 154 59 91 113 20 38 278 34 178 53 24 71 199 313 74 51 228 47 85 198 330 247 20 21 49 120 40 44 92 305 39 57 71 167 121 85 54 31 31 57 116 248 55 195 25 99 141 73 104 103 91 235 24 26 51 189 53 116 30 47 252 171 172 46 72 48 58 61 78 51 37 168 55 31 134 120 32 49 59 148 348 40 44 32 245 72 53 100 54 302 181 171 229 46 303 150 50 109 156 59 292 39 248 115 288 91 105 176 97 47 101 60 25 167 96 176 45 44 115 115 60 56 143 55 112 102 120 55 105 174 184 28 32 112 191 106 119 55 80 29 180 119 135 186 138 56 111 117 163 99 97 78 105 44 216 186 199 71 120 185 57 308 100 217 145 243 25 54 165 58 28 47 204 198 114 73 349 97 20 174 55 271 29 60 185 186 69 322 59 67 45 115 157 138 40 207 30 40 160 157 58 187 322 161 38 175 193 112 277 40 174 111 38 196 269 313 194 163 200 40 165 51 256 108 67 21 38 147 73 39 130 58 118 56 258 38 178 102 277 49 133 33 51 21 24 144 53 117 38 178 316 206 39 295 112 56 56 125 105 203 52 48 26 57 45 252 23 48 191 40 319 129 168 52 80 32 256 34 53 34 82 24 306 173 50 115 122 47 260 111 55 20 118 117 21 100 233 161 49 253 38 129 111 293 34 195 143 65 90 20 228 133 77 68 136 105 45 35 115 35 58 321 26 272 55 192 130 58 29 113 81 118 118 33 249 32 47 160 29 103 52 301 35 23 68 25 57 199 341 46 43 59 82 33 40 103 108 54 160 88 58 208 71 36 104 182 133 309 31 113 116 143 258 74 344 44 52 52 59 252 100 88 183 23 62 315 102 55 287 188 337 47 58 339 232 139 189 144 55 82 123 34 45 111 315 23 56 21 119 53 34 146 108 46 30 54 49 116 159 60 95 232 283 259 23 94 54 55 47 116 45 60 30 54 36 46 52 287 194 114 29 22 39 109 39 109 96 45 46 86 147 77 127 167 175 157 46 207 45 29 46 67 54 85 59 99 59 93 76 35 71 54 52 57 25 120 55 39 43 51 54 89 304 37 110 170 112 152 206 39 160 166 60 270 23 185 105 34 210 114 88 201 115 187 265 53 331 130 195 105 340 328 50 124 60 50 82 86 25 79 40 57 51 112 62 50 107 101 106 40 112 29 57 47 138 36 43 20 188 191 108 209 26 105 114 79 104 60 28 108 25 141 322 45 20 47 43 71 111 99 50 36 57 126 174 49 49 102 139 22 52 77 334 119 140 111 136 49 110 34 117 62 191 79 34 117 171 110 23 190 106 204 265 24 73 112 33 200 55 167 60 38 75 320 131 88 321 250 118 115 116 216 104 49 60 306 22 148 177 26 27 195 183 104 53 119 26 180 35 181 104 269 90 243 56 105 29 120 89 114 47 145 169 162 59 109 291 142 155 127 53 20 105 53 125 37 29 51 184 148 86 39 162 133 43 240 113 60 60 64 108 112 58 79 49 151 23 74 21 154 123 51 52 128 244 140 55 28 38 184 49 106 194 93 208 104 171 285 30 21 40 155 118 59 72 87 109 131 183 112 97 215 194 38 45 182 68 27 55 160 281 324 53 56 109 103 59 29 155 59 57 168 48 233 110 50 85 190 190 56 32 163 154 35 42 191 58 109 200 22 198 72 254 23 110 137 185 20 57 53 196 111 130 315 26 124 119 20 155 119 79 40 60 30 58 278 74 304 22 59 239 59 47 74 198 54 101 24 268 87 117 26 28 164 304 101 56 32 172 217 47 58 80 20 112 247 189 221 97 191 54 32 39 102 245 56 37 58 119 170 68 52 153 26 347 55 53 28 49 58 58 78 187 55 165 115 137 44 341 162 152 58 57 195 53 57 31 278 117 194 72 70 57 318 162 56 146 42 49 26 83 129 200 29 221 54 60 199 20 197 282 101 22 246 29 153 29 64 65 51 53 117 188 25 42 67 312 55 50 98 113 64 51 58 279 277 135 38 36 198 21 56 79 47 60 42 36 197 28 67 51 37 60 55 22 177 90 235 247 46 156 268 215 110 33 55 48 56 73 39 144 165 136 276 193 53 120 111 189 152 124 58 78 112 259 109 64 50 123 105 56 292 207 102 88 153 23 20 59 173 314 96 316 105 35 84 148 206 290 124 57 90 65 177 52 25 154 148 37 46 168 320 140 60 73 117 71 339 88 177 75 276 56 50 176 117 101 300 42 37 283 220 90 157 131 26 341 21 53 111 82 139 175 318 50 48 168 89 41 112 60 106 42 179 20 53 60 26 44 57 167 29 94 101 97 327 26 41 55 42 55 48 148 106 83 41 181 81 52 34 116 98 36 65 75 246 83 21 101 81 41 332 44 27

The bandwidth demand of 1600 tasks
15 65 7 24 7 6 38 4 12 7 103 3 55 39 3 7 71 83 15 4 110 84 7 49 51 57 2 2 6 96 114 61 56 6 35 11 4 116 80 3 54 87 75 61 82 63 4 63 26 56 14 17 29 35 7 32 5 83 82 3 14 65 51 8 77 86 83 6 75 3 61 7 78 91 59 7 34 5 51 3 72 46 93 15 59 14 68 99 6 6 25 70 86 43 4 15 5 3 11 30 8 37 8 6 94 5 2 58 18 40 24 7 6 69 23 6 79 32 21 36 73 3 75 8 6 24 3 84 4 74 87 83 86 93 62 83 60 38 53 84 4 2 75 8 63 58 51 8 58 55 82 34 24 18 75 68 54 2 104 6 3 6 20 15 7 7 2 6 20 4 5 69 73 6 3 92 57 62 88 38 33 27 55 65 34 12 12 67 92 62 16 73 4 14 6 16 34 71 20 7 7 103 65 20 5 7 5 26 13 83 89 91 7 3 81 71 3 6 110 4 5 4 3 38 3 89 76 31 6 3 27 6 5 96 6 4 78 81 37 4 45 84 4 57 7 7 5 2 7 6 2 93 6 4 31 5 62 5 84 3 6 117 52 85 55 85 4 73 56 66 2 5 4 17 100 4 78 17 39 36 69 3 2 86 81 10 5 5 89 3 32 22 50 7 64 62 6 86 8 35 6 5 85 60 4 22 16 26 5 69 3 18 30 31 6 5 8 3 85 4 76 36 42 30 83 75 36 85 27 5 111 89 4 88 54 22 6 84 5 86 28 31 73 70 33 42 2 69 4 4 75 78 27 6 58 63 2 96 61 18 6 8 81 3 88 78 117 17 5 24 21 3 83 6 87 89 33 7 3 95 4 74 6 6 96 8 57 63 94 36 87 5 6 3 93 66 19 52 85 39 17 8 61 79 82 69 66 54 6 6 4 81 35 99 3 26 28 26 5 83 17 55 3 50 6 16 4 4 112 40 53 100 6 8 3 75 3 94 79 32 53 5 51 7 75 5 6 30 2 59 7 73 31 4 7 11 39 93 4 63 4 2 35 6 7 4 7 48 55 5 6 4 4 28 5 3 26 6 91 28 7 34 39 38 24 97 94 6 26 62 79 7 64 29 4 14 112 35 50 106 53 54 54 84 15 4 24 88 4 31 80 95 68 35 94 12 23 87 74 35 6 83 6 8 7 69 6 16 61 100 62 90 23 79 3 37 89 26 20 29 4 7 96 3 81 19 5 26 82 41 36 7 53 2 27 57 87 67 5 8 4 59 6 2 14 70 3 5 38 75 94 20 28 7 7 6 31 88 13 79 3 30 92 33 77 85 27 106 5 3 32 85 5 11 3 4 66 76 79 6 10 4 3 13 33 34 3 84 18 7 80 22 4 4 16 88 48 8 3 6 66 37 7 29 16 47 73 56 50 6 47 82 12 39 76 2 43 5 73 15 76 23 40 81 13 7 17 19 3 50 17 71 5 4 95 67 7 5 56 18 62 26 75 13 35 65 81 3 2 23 56 89 29 5 16 7 87 76 59 70 93 27 66 77 55 34 22 23 63 4 100 79 96 26 23 64 3 115 39 76 54 57 3 30 56 11 6 7 98 63 26 24 49 32 6 73 30 86 6 11 79 55 12 105 4 23 7 26 74 83 5 54 4 2 50 56 7 62 45 71 7 73 98 26 71 6 78 67 6 97 114 54 58 93 70 4 57 2 60 77 32 4 8 76 32 3 58 6 84 4 71 3 51 29 115 5 88 5 5 3 6 87 37 62 4 58 80 86 2 107 33 3 3 84 20 93 7 2 4 25 3 102 4 4 95 2 57 70 53 3 18 5 107 2 7 2 21 5 57 81 3 13 93 4 71 57 28 5 10 51 7 33 63 62 8 88 3 61 61 104 5 110 53 37 12 5 106 77 13 32 66 20 5 3 11 7 5 57 6 51 37 79 62 5 4 37 27 29 71 6 63 2 4 84 8 34 2 99 5 6 33 6 7 98 93 3 2 4 17 8 7 11 97 3 92 26 17 85 15 8 39 53 69 105 6 11 34 87 60 31 110 5 6 30 34 69 15 15 94 7 34 109 67 29 51 73 92 6 19 116 67 95 98 56 4 14 91 7 7 65 45 6 6 6 58 3 3 51 32 3 6 5 7 21 92 16 17 83 83 63 7 36 8 2 4 15 4 7 8 5 4 6 2 87 66 65 4 6 5 52 4 54 18 5 7 22 60 23 64 73 54 71 5 79 8 7 7 24 3 13 7 30 4 32 38 2 40 15 39 2 7 24 5 7 6 2 6 37 85 7 32 69 17 80 97 8 84 63 4 115 4 83 28 4 115 98 37 41 21 93 89 20 60 72 90 62 57 88 16 58 6 8 14 13 2 26 4 4 7 20 38 22 11 65 67 6 78 5 20 6 71 3 2 3 91 74 36 82 7 17 96 11 32 2 6 36 5 51 48 7 3 7 8 16 11 16 3 5 28 98 74 5 8 26 68 7 2 38 84 36 87 30 80 3 69 6 73 27 78 30 6 33 81 32 6 80 28 84 71 4 31 18 3 79 20 63 6 7 29 56 89 40 60 118 65 63 36 83 32 6 20 41 4 82 79 5 8 52 58 65 5 57 5 85 5 79 85 60 13 66 7 27 2 15 21 52 4 83 68 55 34 55 58 73 81 69 5 5 60 17 75 7 7 17 79 77 20 6 68 99 4 117 63 7 18 26 53 22 5 11 2 60 5 33 4 82 58 5 29 85 84 73 2 7 5 71 4 15 109 13 70 15 76 98 6 4 3 85 61 34 14 30 30 99 58 11 24 45 59 2 3 59 23 5 7 90 119 51 31 2 97 22 29 7 80 5 3 53 7 47 76 2 17 47 95 5 3 99 73 6 7 79 33 16 100 2 63 37 76 7 33 71 91 3 37 29 102 36 81 104 3 76 82 7 89 87 25 5 6 3 33 45 25 86 7 2 77 5 5 39 51 13 19 3 100 14 89 5 4 96 94 34 6 4 68 101 8 5 26 8 20 90 83 83 33 62 4 5 2 80 120 4 3 3 24 54 14 7 65 8 119 23 3 7 5 27 3 35 57 31 77 35 97 5 103 52 69 22 3 112 21 40 4 63 93 100 36 20 36 53 84 12 69 5 5 5 31 74 69 6 118 2 6 97 5 80 100 84 5 93 6 90 7 30 18 26 6 22 77 6 6 12 71 3 8 10 34 24 6 4 97 55 90 5 8 45 7 5 23 6 4 3 5 60 5 23 7 5 28 2 4 90 26 84 55 4 59 89 90 11 4 2 5 3 27 4 59 76 84 118 97 3 15 13 46 94 53 6 20 60 92 78 26 14 64 29 4 52 69 13 30 58 4 4 7 82 55 37 105 29 7 23 71 45 116 95 28 18 11 67 7 6 61 92 8 2 69 100 56 4 21 19 21 83 23 62 28 102 6 6 98 11 69 73 5 8 74 109 31 63 99 2 88 4 6 32 27 60 80 66 25 6 52 35 3 84 30 60 8 81 6 13 3 3 7 7 71 5 12 13 25 67 4 7 2 6 3 6 100 19 26 5 73 24 6 5 17 18 7 20 35 71 13 8 40 27 5 74 2 3

The power demand of 1600 tasks
10 12 2 6 2 1 8 1 4 1 15 2 10 4 2 1 15 18 10 1 27 14 2 17 17 20 2 1 2 16 28 14 11 2 4 10 2 20 16 2 12 24 29 11 13 13 1 10 10 16 6 10 7 4 3 5 3 9 12 3 4 19 17 1 14 14 13 1 24 2 24 1 20 20 14 2 9 3 12 1 18 13 9 10 14 5 10 14 3 2 8 17 10 25 1 3 1 1 7 5 2 9 2 3 14 1 3 18 6 29 10 1 1 15 6 2 17 8 7 4 11 2 18 1 2 5 1 21 2 14 19 12 20 17 10 23 14 3 26 14 2 3 29 2 15 18 12 1 23 19 17 7 5 5 13 19 10 1 17 2 1 3 7 3 1 1 3 2 8 1 1 15 8 3 2 9 18 10 20 8 4 7 13 15 10 6 9 11 30 16 4 18 2 9 1 7 7 13 5 1 2 15 8 7 2 2 1 8 8 18 9 11 1 1 24 12 2 3 19 2 1 1 1 3 2 10 13 5 3 2 4 1 2 16 3 1 18 20 4 1 29 13 3 18 1 1 3 2 3 3 1 12 2 2 10 2 21 2 10 1 2 28 15 15 19 19 2 15 15 18 2 2 3 8 16 1 10 8 4 7 9 2 1 18 11 9 3 3 16 1 8 7 20 3 18 13 3 11 2 8 2 2 15 10 1 8 6 4 1 14 2 9 9 6 2 2 2 2 20 1 13 4 22 10 18 15 7 20 3 2 23 18 2 13 9 6 2 8 3 9 5 8 11 8 8 23 2 18 1 1 16 15 10 1 17 19 1 19 20 8 2 2 25 2 10 29 12 7 1 8 4 2 11 2 18 13 6 2 2 9 1 19 1 1 21 2 21 14 10 7 28 1 2 2 12 18 3 15 12 8 7 1 13 17 10 25 11 16 1 3 3 20 8 17 1 8 10 4 2 12 9 15 3 14 1 7 1 1 12 27 11 20 1 1 1 19 1 9 18 6 14 1 10 1 19 1 1 6 3 23 3 19 6 1 2 7 4 18 3 11 1 1 7 3 2 2 1 14 9 3 2 2 1 6 1 1 9 3 17 8 2 8 5 5 7 21 28 3 6 11 16 1 9 7 1 8 17 5 23 20 18 16 11 10 5 3 8 26 1 5 25 13 19 8 18 4 4 12 11 5 2 12 3 3 2 11 2 4 16 9 19 29 9 13 2 8 12 6 4 9 1 3 23 2 19 8 2 4 12 27 10 2 28 1 7 14 19 24 3 1 2 11 1 2 8 24 1 2 9 15 19 9 6 2 2 2 7 13 8 19 2 5 12 5 11 17 6 24 1 1 9 15 3 8 1 3 21 18 15 3 8 1 2 9 4 8 3 9 8 2 15 6 3 1 7 13 12 2 1 2 15 10 1 6 9 12 15 14 21 2 29 17 5 6 10 2 29 2 20 7 29 5 6 12 10 1 5 8 3 19 5 16 3 2 18 15 2 1 13 8 16 8 15 3 6 18 11 1 3 8 17 9 7 2 10 1 14 11 17 14 17 6 12 12 15 8 4 6 12 2 20 17 8 4 5 13 1 13 4 29 9 29 1 9 10 10 3 2 17 18 8 7 14 8 2 14 6 12 1 5 12 12 5 26 1 6 1 6 17 20 3 11 2 1 11 8 2 12 10 13 3 17 12 9 12 1 16 10 2 12 11 25 19 15 22 2 10 1 25 10 4 1 3 8 10 1 19 1 10 1 27 3 18 3 26 2 16 1 2 2 3 12 6 17 1 19 12 10 2 28 8 2 1 12 4 10 2 1 3 7 2 26 3 1 15 1 27 14 18 2 9 3 25 3 1 1 5 3 18 20 1 7 16 1 18 16 7 2 10 17 2 8 11 19 2 12 3 13 11 15 1 25 10 10 6 3 23 15 7 8 9 10 1 3 10 2 2 27 1 17 10 14 17 3 1 8 8 4 16 1 27 3 2 20 1 9 3 11 2 3 5 3 2 15 12 3 1 1 5 2 1 5 13 2 10 3 7 26 7 3 10 15 15 17 2 5 9 16 22 8 17 1 1 4 8 16 8 8 12 1 6 13 14 4 15 17 12 3 9 15 10 17 14 12 3 10 18 3 2 15 17 2 1 1 15 2 2 16 4 3 1 1 1 8 19 5 9 19 18 16 1 7 2 2 2 9 1 2 1 1 2 2 3 23 18 9 1 3 3 10 1 19 4 2 1 8 13 8 19 19 19 14 2 16 3 1 3 3 1 5 1 8 1 10 7 3 9 7 6 3 2 7 2 3 1 2 2 8 27 3 7 9 4 17 28 1 11 10 1 17 1 12 5 3 26 10 8 22 9 9 11 9 12 17 20 10 12 14 9 10 2 1 5 6 1 6 1 2 1 4 9 9 8 14 14 1 17 1 7 2 9 2 3 1 20 14 9 20 1 8 15 8 8 3 2 5 2 19 10 2 1 1 3 8 3 6 2 1 7 9 15 2 2 8 15 1 1 8 25 4 11 7 19 2 19 3 11 5 18 7 2 5 10 4 2 9 6 14 23 2 6 8 2 17 8 16 1 1 5 12 8 9 18 26 19 20 5 15 9 1 9 26 3 9 15 2 2 18 16 17 2 9 3 11 3 16 19 19 7 16 1 8 2 7 5 18 2 12 14 15 8 14 28 17 12 13 2 1 18 9 10 3 2 6 16 17 9 3 13 17 1 22 9 3 6 7 13 8 3 8 3 15 2 8 3 13 16 1 6 9 15 18 3 3 3 9 2 4 19 4 28 5 17 24 1 1 2 16 19 4 3 3 6 10 11 10 8 22 18 2 3 10 10 1 1 8 28 13 9 2 18 5 4 3 13 1 2 12 3 13 9 1 8 10 15 1 2 14 13 2 1 17 8 5 17 3 24 3 17 3 10 16 14 2 8 9 14 3 13 26 3 14 16 2 20 9 8 1 1 2 4 11 5 28 1 1 17 1 1 7 10 4 5 3 23 4 20 3 2 12 30 9 2 3 20 13 2 2 3 3 5 20 12 12 10 13 2 2 2 13 26 1 3 3 4 14 7 3 19 1 21 10 2 2 1 7 2 7 13 6 16 4 15 3 18 16 10 8 2 22 8 4 3 15 13 11 4 9 6 19 11 7 14 2 2 3 4 9 16 1 18 2 1 9 1 12 25 19 1 23 2 9 3 6 9 6 2 6 8 1 1 8 16 2 1 5 10 3 2 2 12 26 18 1 3 24 2 2 4 2 1 1 1 12 1 8 2 1 5 1 2 19 4 29 28 2 17 13 29 3 1 2 1 1 5 1 12 19 12 28 14 1 5 9 11 11 8 3 8 13 17 8 8 4 19 5 1 16 28 9 6 18 1 2 3 17 26 4 23 9 3 10 11 15 22 13 6 9 9 17 3 2 18 13 3 1 14 19 17 3 3 4 5 17 4 18 9 20 2 2 17 8 17 21 2 2 26 28 5 10 8 2 11 1 1 10 5 11 14 17 8 2 8 8 1 11 5 9 1 17 1 5 1 1 3 3 19 2 8 4 5 18 1 3 2 2 2 3 15 4 7 1 18 5 2 3 3 8 1 8 9 14 9 1 8 6 2 27 3 2
