B=50	N=1000	M=3	Cbw=30573	Cpw=7978

Modes
mode base_power
G 10
R 25
P 50

Task types
type name modes
1 enterprise_emergency G|R
2 maritime_airborne G|R|P
3 cellular_backhaul R|P
4 private_high_priority P

The bandwidth capacity of 50 beams
529 627 639 532 706 707 506 635 583 499
637 606 693 465 751 683 569 673 673 613
647 551 542 721 655 606 718 550 600 631
606 654 611 694 619 708 499 457 664 544
583 613 641 526 577 589 481 733 635 592

The power capacity of 50 beams
131 162 194 196 152 138 198 174 147 166
152 182 141 137 157 179 159 179 181 152
179 174 138 120 157 135 175 134 145 162
162 185 177 169 186 133 148 194 171 139
168 141 131 159 156 200 139 126 134 164

The type of 1000 tasks
2 4 3 1 3 2 3 2 2 2 1 2 4 1 4 3 4 3 1 2 3 1 4 2 2 1 1 2 1 3 1 3 3 1 3 2 2 4 4 1 4 3 2 1 2 3 1 1 1 3 2 3 3 2 2 1 1 3 3 3 3 2 4 1 2 3 1 3 1 4 4 1 4 1 2 3 3 3 4 2 3 2 2 1 2 4 1 4 2 2 2 1 1 3 4 4 3 1 1 1 1 4 4 3 4 2 1 2 2 3 2 1 4 3 2 3 1 2 3 1 2 1 1 1 4 2 1 3 2 1 2 3 2 2 2 1 1 3 1 1 1 4 2 3 4 2 1 1 2 3 4 1 3 2 1 1 1 2 3 2 2 1 3 2 1 1 1 4 2 1 3 2 4 1 2 3 3 1 3 1 2 1 3 4 3 2 4 4 3 2 2 4 3 2 4 2 1 4 3 1 1 3 1 2 1 3 2 4 4 2 1 1 1 1 2 1 1 2 2 3 4 1 1 1 1 2 2 1 1 1 4 3 1 2 1 2 1 2 3 3 2 4 1 4 2 1 1 1 3 2 4 2 2 1 1 1 1 3 3 1 3 1 1 1 1 1 4 3 4 1 1 1 1 3 1 1 2 3 3 2 2 2 2 4 4 1 3 1 1 1 1 3 2 4 4 2 1 1 1 1 2 3 2 1 2 1 4 3 1 1 1 1 4 2 4 2 2 1 1 2 1 1 2 4 2 2 1 1 2 3 1 1 2 4 1 3 3 3 1 1 1 1 4 3 1 3 3 3 1 4 3 3 2 2 1 1 2 4 1 1 4 1 1 1 2 4 3 3 2 1 3 3 1 1 2 1 3 3 3 3 1 1 2 1 3 2 1 1 4 2 4 1 1 3 2 1 2 3 1 1 2 3 2 2 1 2 3 3 1 1 1 4 1 3 2 4 2 2 3 2 4 1 3 1 1 3 4 3 1 1 4 1 4 1 1 3 2 2 2 2 3 1 1 2 1 2 3 2 3 1 1 1 3 2 3 1 1 3 1 4 3 2 1 3 2 3 2 2 2 1 3 4 1 4 1 1 3 1 1 2 1 1 2 3 1 3 4 2 3 1 4 3 4 3 1 1 1 2 2 1 3 1 1 2 3 1 1 4 3 3 1 3 3 1 2 3 4 1 3 4 3 4 1 1 2 3 1 3 1 4 1 2 4 1 2 2 4 1 4 3 1 4 3 3 1 3 2 1 4 3 1 1 4 3 2 4 1 1 2 1 3 1 1 3 2 1 2 4 2 2 3 4 1 1 2 4 2 2 1 4 3 2 3 3 2 1 4 2 2 3 1 2 2 3 2 3 2 1 4 3 1 3 3 3 3 4 1 3 2 3 3 4 4 3 3 1 3 2 3 1 3 3 4 4 2 1 3 3 2 2 1 4 4 4 2 2 1 2 1 1 3 1 3 1 4 1 3 2 3 1 1 4 2 1 2 4 2 4 4 1 3 4 1 2 2 3 2 1 3 2 3 1 1 2 3 1 2 3 2 1 1 1 2 3 1 4 1 3 1 4 2 2 1 2 1 2 4 2 4 3 2 3 3 3 3 4 4 4 1 3 1 2 3 3 1 1 3 3 3 1 1 2 1 2 3 3 1 4 1 4 2 1 1 2 3 2 4 1 3 1 4 1 1 2 2 1 1 2 1 3 1 4 2 3 1 2 4 1 2 3 3 3 3 4 1 1 1 1 1 2 2 4 4 1 3 1 3 3 2 3 4 2 1 2 1 2 1 4 4 4 2 1 1 2 3 2 4 1 3 2 1 1 1 1 2 3 1 3 3 4 4 1 2 3 1 1 1 4 3 2 2 4 4 3 2 3 3 3 2 1 1 2 2 1 3 4 4 3 2 3 1 3 3 4 1 1 3 1 1 3 1 2 1 1 2 3 4 1 2 2 1 2 1 1 4 4 1 1 3 3 2 1 1 2 2 3 3 2 2 4 2 4 1 3 2 2 1 3 2 3 4 3 3 3 1 1 1 3 1 4 1 4 1 3 1 3 2 1 3 1 4 3 3 2 3 1 1 1 2 2 2 2 2 1 3 2 1 1 4 3 3 3 3 4 1 1 2 1 2 2 1 3 3 4 1 3 1 2 1 1 2 2 1 4 4 3 3 2 3 2 1 2 4 1 3 1 4 4 3 1 3 2 3 2 1 2 3 3 1 2 2 1 2 3 2 2 3 3 1 1 1 4 3 1 1 1 3 1 2 4

The profit of 1000 tasks
117 275 131 46 121 75 173 64 80 76 52 93 314 22 342 117 252 186 46 65 111 28 223 100 119 45 22 118 54 191 47 157 156 56 114 76 117 186 329 46 231 141 64 26 59 169 26 44 24 104 95 181 145 120 86 49 27 104 148 117 128 86 319 43 117 178 29 168 52 256 280 20 279 23 120 118 155 172 222 108 131 93 104 27 117 346 28 235 84 89 105 27 24 105 345 259 146 32 59 57 51 310 349 141 215 71 45 83 93 123 116 56 189 115 55 110 41 102 172 21 115 48 47 55 290 73 46 110 86 41 72 115 91 82 91 46 23 152 42 56 34 281 60 187 278 69 27 41 119 140 243 36 168 78 43 24 51 114 165 103 51 22 163 59 56 52 59 230 104 33 141 71 317 45 106 140 186 22 169 36 101 41 146 271 139 114 291 268 192 50 103 286 119 118 338 73 50 344 189 58 22 104 22 110 27 150 114 339 294 87 20 55 29 28 97 51 35 82 76 108 323 46 42 46 40 65 52 38 55 44 306 179 24 67 29 73 60 113 146 182 61 301 58 204 113 44 30 49 189 61 296 73 78 23 23 50 36 140 138 40 168 25 55 52 35 54 232 150 187 41 42 56 36 198 26 53 71 162 147 106 78 55 95 336 306 35 152 58 54 49 46 200 92 232 200 100 33 47 51 43 84 172 89 45 87 59 222 158 31 55 58 45 255 95 333 105 97 57 49 105 51 41 51 292 80 82 48 47 99 170 57 37 113 323 41 126 121 143 39 46 33 23 316 124 27 101 199 154 60 195 101 116 99 120 35 30 109 254 23 46 205 29 32 33 52 272 163 135 73 24 159 137 39 52 115 30 196 115 102 198 31 24 112 20 134 71 27 22 182 89 198 38 32 180 86 31 84 135 41 56 97 109 98 76 58 118 164 142 25 22 38 324 31 178 94 285 111 108 100 102 266 43 129 47 32 127 211 135 23 28 207 32 223 43 21 125 111 58 56 77 155 42 47 92 21 85 134 50 184 30 38 59 148 52 111 51 51 105 45 348 138 62 49 184 81 120 119 74 64 23 169 181 42 196 43 50 155 41 26 69 35 55 74 159 54 199 250 119 176 60 252 152 335 172 24 54 52 90 118 45 102 24 34 98 143 41 41 292 177 177 53 194 188 22 69 117 278 36 135 211 110 322 28 36 60 167 31 149 53 257 27 85 283 28 52 53 250 57 273 138 29 288 128 129 47 125 63 40 308 131 40 48 250 190 93 245 35 47 60 30 198 40 50 162 69 26 97 289 71 79 180 277 35 28 102 298 119 59 59 242 123 79 165 153 78 37 311 51 117 191 57 89 79 143 113 111 82 55 188 117 45 125 170 184 111 229 49 154 103 129 162 267 249 194 172 40 104 62 187 46 191 151 306 298 116 44 100 189 107 97 26 196 231 276 119 55 43 81 29 56 163 56 150 25 335 25 111 83 152 28 45 246 80 46 91 232 68 232 301 37 127 234 21 107 81 143 61 34 199 54 157 50 54 58 193 22 87 162 60 58 35 46 117 114 48 257 55 106 29 301 118 75 36 85 58 96 245 65 281 195 113 108 172 161 197 314 320 325 56 115 49 72 172 144 42 34 109 172 188 42 56 114 45 80 182 121 39 275 52 305 77 56 45 68 115 108 183 58 145 50 231 48 42 56 69 55 53 100 31 118 34 316 93 100 22 81 187 43 55 185 193 182 172 296 57 44 26 59 45 65 110 236 218 34 117 31 152 165 67 133 303 62 42 105 20 81 43 349 224 292 54 56 32 93 144 113 186 53 146 76 34 51 58 25 113 141 43 149 129 257 197 38 53 128 29 27 30 259 143 58 108 181 192 166 86 166 177 147 57 27 47 62 56 26 199 268 197 140 99 187 49 143 190 287 24 22 149 21 47 192 26 72 52 58 63 141 291 20 115 52 41 74 34 22 337 324 40 48 109 140 113 54 38 98 84 146 156 82 107 293 101 199 42 142 71 72 43 188 66 112 347 186 159 102 25 47 47 129 29 244 41 327 34 109 48 124 95 37 154 44 265 110 136 76 179 53 48 41 72 72 70 71 76 27 196 68 59 21 266 187 104 166 161 242 29 50 111 34 69 116 24 107 192 301 22 166 33 73 44 56 69 100 35 198 195 161 124 98 101 113 53 65 264 43 138 24 312 320 180 21 180 78 149 65 42 105 167 109 22 51 90 60 89 188 75 55 156 134 44 39 39 207 169 51 37 49 196 23 55 224

The bandwidth demand of 1000 tasks
37 55 69 4 81 19 55 21 19 24 6 25 115 7 99 98 91 78 4 13 67 6 56 20 26 6 7 23 6 96 4 94 78 8 92 33 30 41 45 7 76 67 37 7 10 90 8 3 4 66 16 61 90 22 35 3 6 94 89 58 56 17 59 3 21 76 2 66 5 111 46 5 93 7 18 63 79 61 101 14 93 12 13 5 31 88 7 53 17 23 18 6 6 72 93 43 98 4 4 3 5 48 65 58 63 20 4 40 10 74 29 3 99 58 20 50 5 36 88 7 36 7 6 3 119 25 8 64 31 5 10 88 19 31 28 3 8 57 2 6 8 53 18 93 99 18 6 5 12 52 103 3 55 36 6 5 4 17 64 23 26 4 52 11 7 3 4 53 22 7 69 17 94 6 18 71 63 5 86 2 21 4 56 108 71 14 114 84 58 22 27 70 51 27 42 27 7 114 58 7 3 66 8 13 3 55 16 86 60 15 8 2 5 6 39 7 6 19 39 51 113 5 4 3 3 20 38 7 6 4 81 62 7 24 7 26 7 19 75 83 39 79 7 77 19 6 5 5 77 39 112 19 24 4 5 4 4 79 90 8 93 3 2 6 4 6 54 54 75 8 3 4 3 50 5 2 28 92 94 17 27 17 34 44 59 3 90 3 8 7 5 57 16 115 100 33 6 5 7 3 21 65 36 2 34 4 42 84 7 7 2 7 106 26 78 11 28 3 5 34 4 3 26 104 24 19 5 7 23 94 5 5 15 80 6 87 70 68 6 6 7 6 61 55 8 93 80 90 7 88 98 85 37 37 7 2 32 93 5 4 43 2 2 3 25 56 68 77 16 2 71 100 6 5 25 8 69 70 51 98 3 4 22 7 64 31 4 6 65 23 42 8 7 59 19 2 13 86 7 3 22 88 29 13 4 11 53 70 4 2 7 101 2 74 20 85 26 24 91 31 62 4 81 5 6 87 52 59 5 2 89 7 103 7 5 82 35 31 26 33 71 4 5 13 3 20 58 22 95 6 4 3 66 34 57 6 6 55 7 46 77 27 6 81 16 50 34 21 31 7 57 85 4 43 4 7 93 3 3 34 5 4 32 94 7 78 80 31 52 4 52 62 90 69 8 4 8 18 26 4 90 5 6 35 59 5 7 107 70 97 4 56 74 7 37 61 119 3 84 104 55 112 3 3 15 69 7 67 4 77 7 23 116 3 15 29 105 6 47 97 3 55 83 83 7 73 14 3 85 55 6 2 89 81 36 113 5 5 11 6 60 6 7 80 38 6 36 49 22 34 57 87 7 8 28 120 16 17 4 111 87 19 80 53 28 7 51 34 23 81 2 27 25 97 31 66 30 4 88 77 6 68 84 92 98 49 5 94 14 68 95 51 50 63 60 3 81 16 92 7 76 90 92 55 33 7 76 78 17 27 7 85 47 79 18 26 7 27 5 8 61 8 62 3 58 3 57 30 85 5 2 79 24 6 11 81 16 114 113 3 90 56 5 17 32 56 23 4 99 28 62 5 4 32 63 4 39 82 31 5 5 2 19 50 6 70 2 84 8 111 32 33 4 40 3 16 111 15 105 72 15 62 86 91 94 82 54 113 7 78 6 35 93 64 5 5 64 97 61 2 2 11 7 31 99 71 4 102 7 61 26 7 4 16 72 17 113 3 66 4 73 5 6 31 12 7 4 20 7 63 4 55 31 96 7 40 44 2 28 67 87 62 93 62 8 5 5 4 3 32 32 66 73 2 63 3 90 90 14 78 98 10 4 35 4 33 3 74 47 70 15 4 3 39 90 29 87 5 58 24 4 3 7 5 31 81 5 78 64 114 94 3 11 71 7 7 4 46 90 24 22 106 94 65 18 72 89 78 24 6 5 16 22 5 50 61 108 63 26 86 7 88 69 111 4 4 60 6 3 90 5 34 5 5 34 57 57 2 33 19 3 16 6 5 58 82 8 2 73 77 12 7 3 27 24 78 51 35 31 83 17 55 6 50 33 19 4 75 21 93 87 78 83 55 6 6 4 84 3 112 3 49 3 68 6 72 31 7 86 6 58 76 94 26 87 2 4 7 17 24 31 20 13 6 73 23 7 7 41 76 59 51 64 66 3 6 25 2 32 35 3 81 67 66 4 64 8 13 5 5 36 13 3 67 94 71 64 32 79 15 5 19 53 4 61 8 114 49 76 2 53 19 97 28 4 32 74 78 5 38 37 5 34 86 16 28 90 84 2 6 4 111 62 6 5 7 86 6 10 53

The power demand of 1000 tasks
6 27 15 1 13 10 18 6 10 6 1 5 12 1 29 16 29 10 1 4 8 1 16 7 4 1 2 6 2 12 2 10 15 3 17 6 10 22 13 2 26 19 3 1 8 13 1 2 2 17 10 13 9 5 8 2 1 18 18 11 12 10 25 2 6 16 1 12 2 28 21 1 13 2 9 11 18 14 17 3 13 4 7 2 8 25 1 26 4 3 4 1 1 13 28 27 9 1 2 1 1 17 13 12 26 9 1 5 8 9 9 1 28 19 9 10 2 5 12 3 3 3 1 3 20 7 1 18 10 2 10 19 6 5 4 2 1 11 1 2 1 14 7 15 14 9 1 1 4 18 24 2 15 6 1 2 2 5 19 7 6 2 18 8 3 2 1 19 4 1 11 6 25 1 7 16 16 3 17 3 10 1 18 19 20 7 26 21 19 5 6 23 20 8 22 4 1 16 12 2 2 10 2 7 1 14 8 12 17 10 3 2 2 1 6 1 1 10 8 14 22 3 3 1 2 10 6 2 1 2 19 13 2 6 2 3 2 10 11 18 5 30 3 26 4 2 2 1 13 9 16 8 6 2 2 2 3 8 11 2 20 3 1 2 1 3 23 15 14 2 1 1 2 11 1 1 5 11 12 8 4 8 3 21 28 1 13 1 1 2 1 12 4 29 21 3 2 3 1 2 8 9 8 2 9 2 21 14 1 2 3 1 21 5 30 5 10 1 3 10 1 2 10 12 3 9 2 2 9 9 2 3 9 24 1 13 12 12 1 2 2 1 13 14 2 13 12 16 2 22 12 12 5 8 2 1 10 18 1 1 20 2 1 1 8 16 10 11 3 2 12 8 2 1 5 1 9 12 16 8 2 3 7 2 18 8 2 3 11 5 12 1 3 16 9 2 5 16 2 2 5 9 4 3 3 4 10 17 1 2 1 18 2 18 8 29 7 5 16 8 11 1 10 2 2 12 16 19 2 1 18 1 27 3 3 13 10 10 4 6 9 2 1 5 2 7 14 5 14 2 2 3 19 4 12 1 1 9 3 28 17 6 2 11 7 13 6 10 3 1 12 27 1 24 2 2 10 1 1 8 3 1 5 17 2 19 10 4 19 3 19 16 28 12 2 2 2 7 6 2 10 1 2 4 15 1 2 21 14 10 2 8 20 2 7 10 25 3 17 12 16 23 3 2 3 8 3 10 2 17 2 7 14 3 5 9 29 3 25 15 2 11 10 11 2 16 7 2 16 11 3 2 20 9 5 14 1 2 7 2 11 2 2 16 4 1 10 17 4 5 13 22 1 1 5 12 9 6 1 16 12 8 18 12 6 2 14 7 9 17 2 7 10 8 3 17 6 2 30 9 1 14 9 16 9 12 2 15 5 18 16 22 23 11 19 3 8 6 18 3 12 11 23 13 8 1 16 18 8 5 1 26 10 14 9 9 1 9 3 2 9 2 10 1 22 1 11 6 10 1 2 14 9 2 8 22 9 28 28 3 15 28 3 3 9 14 8 2 15 8 17 1 2 3 15 2 4 11 8 2 2 2 6 9 1 27 2 10 2 17 9 8 2 9 3 9 26 5 28 8 10 18 10 15 20 16 16 29 2 17 3 6 8 17 2 3 14 10 13 1 1 5 1 3 16 17 1 19 3 24 4 1 2 7 17 5 17 2 13 1 19 1 1 6 8 3 2 8 3 13 2 29 9 12 2 8 25 1 4 10 18 19 8 11 1 2 2 3 2 5 8 24 15 3 20 1 11 16 8 19 14 5 3 6 2 3 1 28 29 16 6 2 2 3 13 5 13 3 10 6 3 1 2 2 6 14 1 17 9 24 14 3 5 15 1 1 1 19 9 4 7 26 20 9 5 9 18 8 8 2 1 10 10 1 18 18 12 17 10 13 2 18 14 17 1 3 11 1 3 16 3 3 1 1 6 11 19 1 5 7 1 7 2 3 13 16 1 3 10 18 7 2 2 5 4 15 17 6 6 26 7 19 3 17 4 5 2 13 8 9 14 20 18 12 2 2 2 19 3 21 2 26 1 17 2 9 4 1 20 3 27 10 19 5 14 2 1 2 8 6 4 8 9 3 10 5 2 1 14 10 11 17 16 15 1 2 4 2 5 8 2 12 19 23 2 15 1 4 2 1 4 5 2 10 29 11 10 8 15 9 3 9 29 2 14 1 24 20 10 3 11 7 20 6 1 8 9 9 1 8 3 1 4 11 9 4 10 15 3 2 1 28 9 3 2 1 15 3 10 18
