B=70	N=2100	M=3	Cbw=60794	Cpw=14886

Modes
mode base_power
G 10
R 25
P 50

Task types
type name modes
1 enterprise_emergency G|R
2 maritime_airborne G|R|P
3 cellular_backhaul R|P
4 private_high_priority P

The bandwidth capacity of 70 beams
875 825 1092 756 1011 747 847 864 1050 721
706 774 1042 866 1081 665 799 869 682 855
1050 899 701 887 825 726 672 1047 953 997
789 782 673 702 930 912 1071 777 1045 683
664 797 916 864 829 941 1091 665 686 930
869 890 791 1004 826 689 1091 864 1036 1026
809 712 960 977 674 966 971 1040 1021 947

The power capacity of 70 beams
262 226 203 242 227 242 164 169 248 245
191 257 180 235 183 166 238 187 218 245
216 256 237 207 235 266 228 198 244 243
180 179 244 197 227 180 250 163 228 191
227 231 184 204 207 253 230 243 266 204
198 216 201 163 178 202 167 162 219 189
214 239 262 215 165 184 171 164 191 240

The type of 2100 tasks
1 1 2 2 3 3 1 3 3 1 4 1 3 3 1 1 2 3 1 4 2 1 3 3 1 1 1 1 4 3 1 3 2 2 3 1 1 4 4 3 1 1 1 3 1 2 2 3 2 3 3 4 2 3 3 3 3 2 2 1 3 3 1 2 3 2 1 2 4 1 1 3 1 1 1 1 4 2 1 1 3 1 1 2 4 2 3 3 2 1 1 3 2 3 1 4 3 3 2 4 2 2 3 4 1 1 2 1 3 3 1 3 2 4 2 1 1 2 2 4 2 3 2 3 1 3 2 3 2 4 3 2 2 1 4 3 2 2 2 1 2 3 3 3 1 1 1 1 3 1 3 4 1 1 2 4 1 1 2 3 1 3 2 3 3 3 3 4 3 3 1 1 3 1 2 1 3 1 4 2 1 3 1 4 1 1 2 3 2 4 3 2 2 3 4 1 4 1 1 3 1 3 3 1 4 2 4 1 4 2 1 1 1 4 1 2 4 4 1 4 3 4 4 2 2 1 3 4 2 2 1 2 3 3 3 1 1 1 1 3 2 1 1 2 2 1 3 2 1 3 3 3 1 4 1 1 3 1 3 2 3 4 1 3 3 4 4 2 1 2 2 3 3 1 3 1 1 1 1 1 3 2 3 1 1 3 2 4 4 2 1 3 3 1 1 1 3 1 4 4 1 2 1 3 1 3 2 3 3 3 1 1 2 3 3 1 1 2 1 1 2 2 1 2 2 3 1 2 1 3 2 1 1 3 4 3 3 2 4 1 3 2 1 1 1 3 3 3 2 1 1 4 3 3 3 3 3 1 3 1 1 2 4 1 3 3 2 1 4 2 1 1 3 3 1 2 1 1 2 2 1 3 1 4 4 2 3 3 2 4 4 1 2 1 4 4 4 2 4 4 1 2 1 3 2 1 3 2 1 3 1 3 2 1 2 2 4 1 2 3 4 4 4 2 4 3 2 1 3 1 2 1 1 4 2 1 1 3 1 1 2 1 3 2 1 2 1 1 4 2 2 1 3 3 1 3 1 4 1 3 4 1 3 2 4 2 2 4 4 2 3 2 1 4 4 2 1 4 3 1 1 4 2 1 1 4 3 2 1 2 2 3 1 1 1 3 3 1 2 2 1 1 3 2 3 3 4 1 2 1 1 4 2 2 1 3 3 2 3 2 4 1 4 4 3 3 3 2 3 4 4 4 3 1 3 4 2 2 2 2 4 3 1 2 1 1 1 2 2 2 4 2 1 1 1 3 2 2 1 3 3 1 1 1 2 3 3 4 2 2 4 3 2 1 2 3 1 4 2 1 3 2 3 2 1 1 3 3 3 1 2 2 4 1 1 2 4 3 2 3 1 1 4 2 4 4 4 1 4 3 3 3 3 2 2 3 1 3 3 4 1 1 3 1 4 2 3 3 4 2 1 2 1 4 4 3 4 4 2 3 1 2 3 3 1 4 1 3 1 4 1 1 1 4 1 4 1 2 2 4 4 1 1 1 4 3 4 1 1 2 3 3 2 1 3 4 2 4 1 1 2 4 1 2 4 4 1 2 3 1 4 3 2 3 1 4 1 4 2 2 1 2 1 2 2 2 4 4 3 1 3 1 3 1 1 2 1 1 2 3 1 1 4 4 1 3 3 1 3 1 1 1 1 1 4 2 2 2 4 4 2 1 1 1 4 1 3 1 4 4 2 2 1 1 3 2 3 2 1 1 3 1 2 2 3 1 1 1 3 2 3 2 1 3 3 1 2 1 3 1 3 4 2 2 3 3 4 3 4 2 2 1 1 3 3 4 3 2 4 3 1 1 3 1 1 4 1 2 3 3 2 2 3 2 3 2 1 1 4 3 3 3 3 2 3 3 1 3 4 2 3 4 1 1 1 3 3 1 2 4 1 1 4 1 4 4 1 3 1 1 1 4 2 2 3 1 4 3 2 1 3 2 1 3 3 2 3 1 1 1 1 2 1 1 1 2 2 2 1 2 3 4 1 2 4 1 2 2 2 3 4 3 3 3 2 1 2 2 2 4 1 1 4 2 1 4 1 2 1 1 1 1 3 1 1 2 4 3 1 4 3 1 2 3 1 3 3 3 1 2 1 3 1 1 1 4 2 1 2 1 2 1 2 3 4 2 2 3 2 1 1 3 3 3 2 2 1 2 4 2 4 1 1 2 4 3 4 1 4 3 2 3 1 2 1 1 1 3 2 2 3 1 3 2 2 1 2 4 1 2 2 2 2 3 3 3 2 1 3 1 1 1 4 2 2 2 1 2 1 1 1 4 1 1 1 1 2 3 4 1 3 3 1 2 4 3 1 2 3 1 3 3 4 3 3 2 1 1 1 2 1 3 1 1 2 2 1 1 3 3 1 2 4 1 2 3 4 3 1 2 2 1 1 1 1 2 3 1 2 1 3 1 3 2 3 3 1 2 1 1 1 3 2 3 4 2 1 3 2 1 2 2 1 1 2 2 1 1 2 1 2 4 2 2 1 1 1 3 2 1 1 4 4 2 1 3 2 1 1 4 1 1 1 3 3 4 2 4 2 1 2 3 1 1 3 3 1 2 3 1 1 4 3 3 2 1 4 4 2 1 4 2 2 3 3 3 3 1 2 4 1 2 4 2 2 4 2 1 1 1 1 4 1 3 4 1 1 1 1 1 3 1 1 1 1 3 1 2 1 3 2 1 1 1 1 3 3 2 3 3 2 2 4 3 1 1 4 1 1 1 1 2 2 3 1 1 1 1 2 2 1 4 3 1 2 1 2 3 3 1 3 3 2 3 2 1 1 4 1 4 1 1 1 1 1 2 4 1 1 2 2 2 3 2 1 1 3 2 1 1 2 1 4 2 1 3 3 3 2 4 4 3 1 1 1 1 2 1 1 2 4 2 4 2 4 3 1 4 1 1 1 3 3 3 4 3 2 1 1 3 3 1 1 3 3 1 4 3 1 1 2 2 1 2 2 2 4 1 3 2 1 2 3 2 4 4 3 2 1 1 4 3 1 3 1 1 3 4 1 1 3 1 1 1 4 2 1 2 1 4 1 1 2 1 4 1 1 2 1 1 1 3 1 1 3 1 1 1 2 1 4 4 1 4 2 3 3 4 3 1 1 3 4 2 2 3 2 1 2 2 4 1 2 3 2 2 3 2 3 1 3 4 3 1 1 2 3 3 3 3 3 1 1 1 3 2 4 2 3 1 1 2 3 3 1 2 1 2 3 4 2 1 2 1 3 1 1 2 3 1 1 1 3 4 3 3 1 3 2 3 4 1 2 3 1 4 2 3 2 1 4 2 4 2 3 2 3 1 2 3 2 1 2 4 1 3 1 1 1 3 3 3 1 1 2 3 2 3 3 3 1 1 1 1 3 1 2 1 2 2 4 2 1 4 1 2 2 3 3 1 2 3 2 3 4 1 1 1 1 2 3 1 4 1 1 3 2 1 1 3 4 2 3 1 2 1 3 1 3 4 2 2 2 1 2 1 2 3 3 1 4 1 3 4 1 2 3 3 3 4 2 4 2 1 2 2 2 2 2 1 4 3 1 1 3 1 1 1 4 1 2 4 2 3 2 4 1 3 4 4 3 1 1 1 1 4 2 2 1 2 4 3 1 4 2 3 1 1 2 3 2 3 1 3 1 4 1 1 3 4 1 3 1 1 2 4 3 4 3 2 1 2 1 2 4 4 4 3 1 1 1 3 1 3 1 1 3 3 1 1 3 1 3 3 1 1 1 3 1 1 3 1 3 3 3 1 4 1 2 3 4 2 3 3 4 2 2 4 1 2 3 1 1 2 1 2 2 3 3 4 2 2 2 3 3 2 1 4 1 4 4 3 3 4 1 2 1 4 4 1 1 3 1 1 4 4 3 3 4 4 2 4 1 3 1 1 2 4 2 2 1 1 3 1 3 1 1 4 2 2 4 3 1 2 4 4 2 1 3 1 3 2 1 3 3 2 3 2 2 1 3 2 2 2 3 4 4 1 1 1 3 2 2 2 3 2 1 1 1 1 4 4 3 2 1 1 3 3 4 3 3 2 1 2 3 2 3 4 2 1 3 2 3 2 1 3 2 2 2 1 3 1 4 3 1 3 2 3 2 2 1 3 2 1 3 1 4 1 3 1 1 4 1 2 1 1 3 3 1 1 2 3 2 3 2 3 3 3 2 2 4 1 3 4 4 1 2 4 1 2 2 1 4 2 1 2 3 3 1 1 1 2 3 3 2 2 1 4 2 3 1 2 4 1 4 1 1 3 4 3 3 2 2 2 4 1 2 1 1 1 4 1 4 4 4 2 2 1 2 3 3 3 1 3 3 2 2 2 3 2 4 4 1 2 3 2 1 1 2 3 2 1 1 2 1 2 3 1 2 1 4 2 2 1 4 3 4 1 1 4 1 2 1 3 4 1 4 1 2 2 3 3 2 1 2 1 4 1 2 4 3 2 1 2 3 1 4 2 3 2 3 3 1 2 2 1 3 1 1 3 4 2 1 2 3 2 2 2 1 4 2 2 2 2 2 3 3 3 3 1 1 2 1 1 3 2 1 3 1 2 2 1 3 2 3 1 4 2 3 2 2 4 1 4 4 1 2 4 1 3 1 1 1 1 3 1 4 3 1 3 2 1 3 2 4 4 4 2 1 1 3 1 2 4 2 1 1 1 4 1 1 4 2 3 1 1 3 1 1 1 1 4 1 2 1 3 2 3 2 3 2 1 1 3 2 1 1 3 3 1

The profit of 2100 tasks
23 38 117 92 170 147 46 188 109 27 313 59 114 175 28 53 114 125 48 228 107 20 156 134 39 32 21 22 259 150 45 150 102 62 114 24 31 249 286 195 38 60 34 137 27 112 72 183 77 129 168 256 95 150 171 119 145 57 73 38 167 140 40 110 112 107 59 75 202 43 35 193 24 56 55 31 208 72 34 41 142 38 56 64 181 92 189 156 103 56 53 125 120 138 35 297 169 106 105 213 87 84 171 343 56 24 84 46 119 183 54 179 118 270 73 42 23 60 89 201 108 138 68 127 48 181 101 106 119 226 171 71 113 31 225 100 92 75 112 57 69 123 142 119 50 32 31 46 192 41 191 205 57 21 87 235 21 30 96 177 21 161 56 103 152 113 157 248 127 167 50 21 181 46 75 37 132 39 190 119 27 166 55 328 57 55 76 119 76 304 103 112 73 129 265 24 317 32 40 182 24 160 186 35 236 114 246 59 292 78 39 48 49 288 59 93 185 317 35 185 118 251 286 68 82 42 169 236 70 85 47 83 135 173 177 35 53 34 52 108 64 46 57 114 85 45 160 72 23 182 110 196 32 270 34 20 182 46 190 111 190 324 25 152 165 250 236 81 23 113 72 130 131 43 135 28 43 50 50 53 199 82 154 27 60 103 72 282 280 92 47 113 188 49 22 55 191 32 244 333 37 110 35 166 20 169 101 158 136 113 45 50 76 174 175 54 32 93 35 59 100 81 51 56 107 200 35 70 52 181 106 27 58 106 225 121 106 104 235 37 114 83 57 24 32 176 180 133 104 58 54 345 124 191 167 111 148 36 104 27 57 108 248 24 144 184 70 42 321 62 32 60 102 112 48 97 26 46 89 69 37 122 49 277 349 90 182 119 72 212 186 56 51 57 225 235 344 79 271 269 21 62 35 126 104 32 140 103 53 124 45 104 59 21 91 98 281 50 70 112 307 340 216 73 214 145 91 31 119 25 52 23 44 188 80 50 41 130 42 37 90 41 108 100 33 57 42 40 281 50 68 50 155 101 32 185 60 289 23 122 206 44 196 80 317 108 65 337 300 116 135 120 34 194 337 62 29 322 125 45 29 312 56 52 39 330 192 64 39 56 70 102 48 51 29 194 129 57 100 82 46 35 127 70 101 189 224 49 102 42 27 289 91 111 41 147 144 120 106 81 265 42 245 252 200 113 142 97 119 294 219 198 194 60 138 184 58 54 94 75 287 104 23 73 43 52 33 70 94 94 291 66 36 55 58 116 94 77 43 128 181 52 44 55 81 171 172 294 81 65 215 179 117 56 58 197 23 335 104 33 181 88 174 120 38 60 197 111 183 56 91 98 287 36 56 90 318 129 119 182 58 28 331 112 350 243 279 56 198 182 123 129 178 55 62 130 22 135 196 340 39 50 194 40 261 66 148 109 274 104 44 105 21 338 209 163 219 314 83 163 26 95 116 181 54 303 30 101 36 215 41 39 28 222 45 223 50 115 69 279 289 43 31 54 294 180 306 49 28 75 176 117 94 28 134 291 108 223 55 23 85 191 43 50 325 243 32 77 108 53 330 108 67 132 51 310 31 192 54 66 28 64 56 70 106 104 188 274 132 35 108 57 142 42 21 78 31 27 87 169 25 34 213 317 59 149 172 28 113 60 40 48 42 20 199 113 88 77 191 195 90 48 27 47 214 60 161 38 348 237 79 62 41 56 169 71 155 62 60 52 131 26 75 68 136 33 22 54 164 63 193 68 24 189 116 41 112 57 168 28 185 315 111 67 141 149 182 109 205 100 91 43 32 121 172 223 137 117 227 121 26 20 152 35 56 258 21 50 155 133 54 117 159 106 190 83 37 29 314 151 128 155 199 58 183 139 40 153 303 71 140 211 57 21 45 177 189 60 120 346 21 55 199 53 308 289 39 132 45 20 43 267 66 53 152 30 190 155 119 48 110 108 57 179 175 65 165 20 29 39 51 111 59 46 58 98 83 83 35 55 129 275 27 72 275 55 57 98 75 163 307 117 109 121 64 46 114 57 56 262 38 26 322 101 33 272 31 82 38 23 37 46 184 51 53 68 311 171 53 338 186 21 81 150 54 114 193 120 29 107 46 170 43 58 32 203 101 48 77 33 116 42 89 110 295 119 74 176 104 21 45 198 193 129 105 93 37 55 194 61 215 23 45 64 244 129 229 46 297 141 59 146 36 66 33 33 25 113 113 103 134 31 145 63 95 45 104 294 47 86 85 72 76 172 144 177 75 42 185 38 45 43 282 118 52 83 21 50 36 28 43 340 41 58 56 55 106 160 209 47 138 178 40 60 186 121 27 102 173 26 141 171 191 110 169 94 48 45 44 58 20 171 38 57 89 89 24 44 105 118 34 80 303 58 88 169 220 108 46 90 105 29 21 35 52 106 145 33 51 23 183 21 161 50 120 157 31 90 40 49 23 188 76 120 222 79 59 154 69 30 96 85 26 51 66 114 38 40 85 52 87 262 86 101 29 43 44 154 50 25 30 246 333 91 33 136 64 38 51 263 60 45 57 172 102 195 119 287 50 34 93 121 27 52 142 173 35 109 200 52 20 236 158 141 111 54 285 257 76 39 240 88 102 188 154 169 196 46 106 330 60 108 286 81 92 316 114 23 43 38 51 318 60 101 258 40 32 37 50 42 107 43 31 21 42 133 50 50 53 191 97 50 29 46 56 114 166 89 194 106 119 57 189 123 49 30 221 29 59 24 45 118 64 193 55 57 44 28 94 113 22 333 142 26 106 41 70 123 147 43 103 104 80 113 54 58 39 223 47 244 42 55 47 35 49 93 306 22 22 51 94 53 135 88 54 56 102 104 43 20 65 34 302 53 51 108 179 174 72 235 235 118 36 28 27 60 107 37 26 103 300 61 190 114 200 177 22 282 36 60 55 108 131 126 213 155 53 56 47 168 125 30 53 141 163 49 272 180 56 29 56 63 31 79 98 73 260 55 102 98 37 107 104 104 286 338 192 69 45 27 340 106 21 141 26 23 121 341 49 40 147 39 31 24 258 80 51 101 43 282 35 26 114 20 275 35 40 61 58 22 23 162 34 43 195 25 28 53 77 32 344 324 26 204 74 146 156 286 187 35 35 185 257 50 113 190 80 29 104 68 222 55 112 119 99 98 123 52 174 36 165 321 163 21 49 110 171 192 156 108 121 54 24 25 134 118 289 50 102 51 35 118 144 113 60 57 20 70 161 195 109 24 111 39 167 36 20 77 184 55 52 41 124 341 157 177 51 162 103 109 269 36 78 150 48 280 67 152 94 39 331 83 256 102 200 70 180 30 99 190 113 24 75 287 34 168 46 21 52 101 197 135 58 36 78 156 55 173 194 195 30 20 31 52 113 35 103 26 98 119 346 70 33 304 46 64 58 138 112 30 79 176 107 104 181 56 41 23 24 100 121 30 316 32 48 135 117 30 58 132 288 116 182 58 97 58 130 29 198 191 112 53 113 49 76 21 110 179 125 21 257 41 150 340 35 112 184 140 149 317 94 233 94 40 90 109 53 70 102 56 183 188 20 22 116 22 39 20 230 23 91 201 119 137 65 320 48 170 233 337 175 29 46 32 21 216 71 114 34 87 199 151 46 218 82 171 30 31 83 149 90 167 26 150 33 326 42 41 190 312 26 142 25 39 105 221 140 336 115 101 33 57 56 88 237 333 254 190 32 34 27 112 46 147 58 60 196 161 29 59 158 56 135 177 21 24 49 138 45 44 108 20 198 174 132 23 347 44 93 180 299 57 118 166 256 97 91 328 48 104 111 28 39 63 48 81 94 159 127 309 82 80 86 189 180 88 46 289 35 310 336 199 142 212 45 51 41 203 245 56 33 180 33 46 302 267 193 162 333 302 76 318 28 199 26 22 100 193 75 93 25 47 133 40 195 30 43 180 64 77 185 160 59 96 241 333 59 56 123 59 121 102 27 199 121 102 146 98 62 43 161 79 67 79 150 320 186 41 35 32 164 91 92 91 144 84 39 25 36 44 183 341 135 105 41 45 127 187 196 171 161 82 34 74 175 111 185 186 100 34 180 108 149 57 49 172 60 79 117 57 173 36 252 107 20 123 106 148 71 92 31 132 52 25 100 34 300 50 160 53 48 250 51 103 52 21 113 191 53 54 61 153 62 142 61 147 125 189 75 80 321 55 156 330 321 42 119 236 56 64 96 60 223 54 42 83 121 128 33 46 28 73 135 107 98 107 35 227 115 184 35 86 193 42 315 20 24 192 231 199 103 88 79 66 229 53 112 43 42 30 312 21 271 193 291 78 78 24 66 196 180 170 43 114 159 83 113 101 181 85 253 285 37 110 122 78 28 50 95 145 91 49 41 71 30 61 190 45 109 31 295 88 98 57 347 184 313 54 36 201 21 120 48 114 243 25 345 27 70 119 179 113 106 26 85 45 318 51 51 200 153 55 28 74 143 20 245 72 190 103 115 186 22 78 96 37 135 27 50 111 230 95 60 79 151 107 67 66 27 204 94 113 93 75 107 137 145 157 194 39 21 64 53 59 101 104 52 185 43 115 78 36 146 69 171 38 290 100 121 64 51 189 26 326 296 47 77 276 52 165 56 20 27 34 187 32 218 165 57 108 65 25 174 84 243 297 259 64 42 58 132 60 101 272 93 55 36 45 343 31 42 336 100 162 30 21 124 21 36 47 49 250 34 80 59 103 84 175 100 136 117 50 49 122 104 36 25 162 126 23

The bandwidth demand of 2100 tasks
7 3 16 38 81 51 4 69 72 8 83 4 72 89 7 6 19 64 5 59 11 3 66 64 2 5 3 8 111 94 2 53 25 30 53 7 7 113 42 66 7 3 4 66 4 25 16 83 18 82 69 91 32 65 93 75 100 11 12 6 60 72 6 15 93 13 8 18 95 5 6 63 6 4 7 7 64 28 4 8 67 6 3 36 100 12 78 60 28 2 5 86 11 83 7 58 68 78 22 115 22 24 91 117 3 5 40 3 67 83 4 69 18 45 27 6 4 18 35 106 23 95 34 65 3 62 18 80 15 79 100 20 38 6 93 96 34 38 31 8 30 93 98 74 4 3 5 2 83 3 92 112 4 3 32 51 2 6 33 84 8 87 11 54 69 94 88 87 70 52 6 7 76 6 40 4 99 2 105 12 3 93 6 64 5 4 37 66 30 92 69 13 13 56 102 8 72 3 8 77 3 93 70 7 87 29 117 3 56 28 6 6 3 105 3 23 116 108 8 44 97 75 57 22 28 3 62 101 21 34 7 37 76 63 78 2 7 8 4 70 29 5 6 29 33 4 55 32 6 99 80 78 7 85 4 6 74 4 61 24 50 64 7 59 64 93 67 19 7 19 22 96 67 3 72 2 6 8 5 2 89 31 72 7 4 81 25 117 77 29 5 73 54 6 7 5 54 3 90 70 5 12 7 88 3 82 39 88 78 53 3 5 16 77 97 3 3 20 7 5 37 19 3 29 24 68 2 28 5 55 31 5 5 69 42 76 53 35 75 6 57 30 4 4 3 85 77 67 24 3 6 98 60 59 76 76 83 7 62 7 5 14 87 3 83 79 17 3 68 26 6 4 53 87 6 36 4 2 39 12 2 72 3 69 59 15 90 86 20 52 98 2 23 8 61 113 77 17 117 116 4 19 3 68 24 7 50 39 7 63 4 57 12 7 37 18 117 7 16 56 47 109 62 35 111 89 24 3 71 4 38 5 6 115 40 5 7 98 4 7 20 3 91 13 4 31 7 3 105 23 11 8 93 73 7 93 3 57 8 90 83 5 64 17 85 36 17 40 107 32 86 32 5 56 65 28 2 93 94 3 3 85 36 7 7 103 81 19 2 11 24 74 3 6 4 87 76 3 19 16 6 6 68 13 54 89 79 4 23 2 4 111 33 32 3 78 89 21 70 16 44 4 86 60 89 56 79 10 95 50 105 88 77 6 53 78 35 16 31 21 47 92 3 30 3 5 3 10 27 28 75 19 7 3 6 98 28 32 7 88 52 3 8 7 27 100 93 63 26 18 88 78 31 5 13 64 5 96 27 5 50 37 57 19 7 3 79 90 51 6 14 18 46 7 3 11 76 75 12 53 8 7 91 21 110 58 78 3 47 59 79 84 73 19 26 56 4 52 86 58 3 4 54 7 115 34 87 64 58 28 4 22 2 113 107 95 53 57 37 71 4 20 76 59 2 72 7 95 7 54 6 5 3 47 8 58 6 28 17 84 90 6 6 2 44 95 104 8 2 18 91 99 38 5 55 119 19 94 3 6 13 114 4 17 103 63 5 19 81 8 74 67 16 87 2 95 4 41 18 10 6 11 7 31 18 36 106 53 84 7 75 2 70 5 3 13 5 3 15 63 5 3 90 106 6 62 96 6 93 3 4 4 4 4 107 21 11 29 59 48 24 7 5 4 74 4 91 3 63 84 37 38 7 3 79 31 96 22 6 7 51 8 22 33 89 8 2 6 69 16 87 29 4 68 81 5 32 7 51 6 94 46 18 11 92 53 101 88 73 26 12 5 8 95 77 77 91 13 106 70 4 3 92 5 3 80 4 15 55 89 35 35 90 34 79 15 4 7 99 95 64 78 80 20 59 76 7 76 69 24 87 47 5 5 3 73 86 7 34 84 6 3 53 7 113 50 6 64 4 2 4 83 19 14 92 3 100 72 32 6 62 13 4 62 72 30 62 4 7 3 5 37 8 4 6 30 22 33 2 34 81 54 2 34 59 8 27 25 31 95 116 72 80 61 30 4 18 19 14 45 7 7 106 18 2 55 4 26 8 2 6 5 71 7 6 25 47 58 5 93 87 7 19 85 5 96 89 73 7 33 3 59 5 8 4 100 21 5 14 7 23 5 22 70 102 35 27 87 25 6 4 62 73 86 36 22 7 26 55 28 64 4 3 32 86 93 107 6 113 73 21 73 5 21 6 4 7 83 23 34 85 4 63 11 15 3 11 45 3 23 28 39 24 74 52 87 19 7 60 3 6 6 69 36 16 32 3 19 6 6 4 69 5 4 2 2 29 85 43 4 69 63 5 31 104 78 4 36 62 2 51 56 53 78 63 26 8 6 6 23 5 56 5 5 16 38 3 7 57 90 4 36 61 2 24 95 43 73 7 36 27 4 7 4 4 27 85 3 26 6 99 7 71 15 75 76 7 17 5 6 6 67 20 58 93 14 4 83 24 5 38 27 6 4 27 35 5 3 37 4 36 113 21 34 6 3 7 71 20 7 6 56 63 35 8 89 31 8 7 61 8 6 8 58 53 110 17 77 18 4 25 81 6 4 65 51 7 23 98 5 4 59 98 73 37 4 100 40 27 7 88 26 13 63 89 83 78 5 11 53 6 20 91 15 16 45 39 7 3 3 6 111 7 58 104 2 7 7 7 7 57 7 3 5 5 63 5 23 6 80 16 6 4 5 3 90 52 32 65 54 38 31 50 76 6 3 117 7 7 4 8 23 30 59 3 3 6 6 33 32 7 91 75 7 17 8 35 91 98 8 88 69 29 94 34 5 4 62 5 119 3 5 5 7 4 22 44 5 7 20 35 17 95 35 8 4 78 37 7 5 13 7 47 14 7 85 83 84 29 42 57 94 8 3 5 4 12 4 4 36 68 23 108 28 60 90 3 53 2 7 5 91 73 56 56 91 11 5 5 51 89 5 2 52 66 3 114 57 7 8 17 23 4 21 33 14 83 6 94 25 3 27 88 13 57 112 65 12 3 5 75 63 6 66 5 6 73 68 3 8 96 5 7 3 73 37 3 38 5 99 3 4 35 6 59 3 3 10 6 8 7 63 5 4 55 6 2 3 18 6 54 103 5 40 30 93 75 65 85 7 7 81 89 27 37 74 32 6 20 22 66 7 34 96 37 32 86 13 98 3 80 59 85 4 2 33 54 77 93 74 67 2 6 5 57 17 71 32 99 5 2 38 55 80 6 40 7 37 61 72 39 3 18 3 92 3 4 39 81 4 3 4 57 59 65 92 7 81 17 99 75 7 19 61 3 76 16 91 27 8 119 37 72 27 70 10 99 7 24 87 40 4 32 101 7 96 2 2 4 86 62 88 8 4 16 53 10 65 71 79 6 3 5 7 96 7 13 7 14 21 64 30 7 99 3 31 14 98 52 6 21 87 30 99 112 6 5 7 6 23 98 3 99 6 8 62 36 6 3 69 116 25 73 7 40 6 95 7 51 92 17 11 28 6 31 4 10 93 66 8 41 4 99 107 8 29 72 88 77 99 14 55 26 3 27 17 40 15 11 4 113 59 3 3 87 5 2 7 85 5 22 49 22 92 31 90 3 90 107 72 58 7 3 6 6 87 39 37 4 14 65 94 8 74 10 95 3 7 19 89 21 84 3 60 3 61 4 6 83 65 7 83 2 7 36 102 70 65 53 15 7 11 7 22 67 69 59 79 3 7 3 88 5 58 2 5 57 70 6 5 93 2 64 66 5 7 3 70 7 7 70 5 60 54 59 8 46 6 38 52 62 29 82 58 86 17 34 42 7 30 57 8 6 38 4 25 28 98 98 52 33 32 20 58 62 32 7 109 6 75 74 80 78 50 2 12 4 114 110 5 5 85 4 6 120 72 65 63 46 56 29 68 5 93 6 3 32 82 28 40 2 7 83 6 78 7 3 41 22 31 59 99 2 22 84 44 38 4 98 4 80 15 3 89 94 32 85 39 36 7 80 27 31 17 92 101 42 5 5 5 82 20 13 21 70 33 7 6 4 5 111 75 82 15 2 4 52 74 59 91 63 10 5 12 62 31 71 43 15 3 87 17 94 30 3 61 23 32 26 6 84 6 66 61 4 51 27 66 36 26 2 80 20 4 84 6 42 3 56 3 5 93 2 14 3 6 55 84 6 7 26 53 15 78 14 59 68 63 16 32 115 8 95 99 95 3 15 112 3 16 29 7 102 34 2 34 93 61 4 8 5 32 52 69 20 11 5 91 13 66 8 15 92 7 67 6 6 91 93 55 63 11 33 12 90 3 32 7 4 3 114 4 63 46 70 29 23 3 38 77 89 98 7 89 84 22 29 39 53 12 73 109 6 25 55 16 5 4 23 70 13 8 2 14 6 22 64 5 30 3 77 37 10 4 117 80 42 6 4 115 4 29 3 93 82 4 70 7 13 10 83 99 33 5 13 8 103 3 17 116 84 32 3 14 71 3 60 26 61 26 82 82 6 14 27 7 89 7 5 58 85 34 7 33 85 19 33 30 3 50 20 33 24 14 36 80 59 63 64 3 7 21 4 7 56 25 5 54 2 17 11 7 57 26 71 7 114 13 84 39 37 98 5 72 95 7 37 118 3 55 4 6 6 4 66 7 55 59 7 96 30 7 53 19 56 54 107 11 4 7 67 7 37 43 39 5 2 5 69 3 7 74 10 54 3 5 99 4 8 7 6 68 8 28 8 74 24 54 33 63 29 7 5 67 35 7 8 69 83 6

The power demand of 2100 tasks
1 2 8 8 9 9 2 10 16 2 24 1 15 13 2 2 8 10 1 17 8 1 18 9 3 3 3 3 17 13 3 17 8 3 16 3 2 19 18 11 3 3 3 20 1 3 6 19 5 11 13 16 4 12 9 13 15 3 7 1 18 8 2 6 14 7 2 10 27 2 2 17 1 1 3 2 23 5 2 2 9 1 2 8 18 8 11 12 7 3 2 15 5 17 2 17 14 18 6 21 7 5 13 22 3 3 4 2 15 8 2 13 7 12 7 2 1 5 7 13 10 17 5 9 2 12 8 16 3 25 17 8 7 1 27 8 9 3 9 1 5 9 10 13 3 3 2 1 8 3 16 21 3 2 7 28 1 2 3 9 3 18 7 9 17 12 17 23 12 12 2 1 16 3 6 2 10 1 23 4 1 17 2 28 3 2 4 9 5 13 20 8 6 9 27 3 19 3 3 12 2 19 9 3 17 5 23 2 25 7 1 1 1 12 3 6 24 18 2 13 15 17 26 4 4 1 12 15 9 7 3 9 13 17 10 1 2 1 2 13 8 2 3 5 6 3 10 4 2 19 12 10 3 16 2 1 11 2 16 7 19 21 1 13 18 18 29 6 1 8 7 11 9 3 19 2 1 3 1 2 11 3 8 1 3 18 6 12 23 8 2 16 16 1 1 1 19 1 16 20 3 6 2 9 3 10 7 13 17 12 2 1 7 12 11 2 1 6 2 3 6 7 3 8 9 14 2 7 3 16 6 3 3 19 28 14 14 5 21 1 19 3 1 1 2 19 16 12 5 1 1 22 17 13 12 16 15 2 13 2 1 6 28 1 13 17 9 3 10 6 2 1 9 12 3 5 1 2 8 8 2 13 1 28 21 5 8 14 7 19 12 2 8 1 22 20 15 6 14 17 2 5 2 19 5 2 8 10 3 8 1 15 4 3 6 8 13 2 5 17 17 12 18 9 29 17 3 1 18 2 6 2 3 22 7 3 1 15 2 2 5 2 9 10 1 3 2 1 15 6 8 2 20 10 3 8 3 15 2 15 24 2 16 8 15 6 9 22 25 6 18 6 1 28 28 4 1 22 10 2 3 26 10 1 2 20 17 6 1 3 8 10 3 2 1 15 14 1 5 8 1 2 13 6 12 14 26 1 5 2 3 20 10 5 2 14 9 4 18 6 29 1 17 14 17 15 17 9 13 13 21 23 13 2 15 12 4 6 4 8 20 9 1 9 1 2 1 9 4 9 21 6 1 1 2 19 6 5 1 18 14 2 1 2 4 14 17 24 5 3 19 17 3 2 9 14 2 21 4 2 20 10 17 4 1 2 9 13 18 1 6 6 19 1 1 9 17 16 8 10 2 1 15 8 14 24 11 1 23 9 18 15 19 9 10 14 1 19 12 15 3 2 18 1 23 9 10 10 11 7 1 8 1 23 25 11 14 29 5 8 2 9 13 13 1 17 3 16 1 17 1 1 2 12 1 13 1 9 5 16 24 1 3 1 23 12 12 1 2 7 10 10 3 2 14 26 3 18 3 3 4 23 2 7 29 12 2 6 14 2 12 12 9 17 3 25 3 11 3 8 3 10 3 6 6 9 14 22 10 1 13 3 10 1 2 10 1 1 4 20 1 1 21 20 2 13 19 2 19 3 1 2 1 2 29 6 3 3 20 21 3 1 1 1 11 1 17 3 21 22 8 7 2 2 16 9 10 7 3 2 18 1 9 8 13 2 1 1 9 4 18 3 1 11 17 2 4 2 15 2 14 17 7 9 15 12 28 15 27 9 9 3 2 17 19 27 12 6 22 17 1 2 16 2 1 22 2 9 18 10 10 3 20 5 12 7 2 2 27 13 13 15 11 5 10 19 1 10 24 4 17 29 2 3 2 19 14 2 4 17 2 1 29 2 29 25 1 11 1 3 1 26 4 7 17 1 30 13 8 1 11 3 1 8 13 5 10 2 2 1 1 10 3 3 1 5 6 5 2 8 14 18 3 8 19 3 3 4 5 19 13 9 11 13 9 1 10 7 6 20 2 1 28 5 1 20 1 4 2 1 1 1 13 2 2 7 18 10 1 15 12 2 7 19 3 14 10 12 3 6 2 11 1 1 3 13 6 1 6 2 9 1 8 9 16 4 9 12 8 2 2 10 10 10 9 7 1 8 14 4 17 2 2 8 21 10 12 1 18 13 4 13 1 5 1 2 1 16 4 5 15 2 12 5 4 3 5 21 3 9 5 4 9 10 11 8 4 1 18 1 2 1 21 8 4 4 2 4 2 3 3 27 1 2 2 3 5 16 29 1 9 19 2 6 29 18 3 9 10 3 14 8 28 15 8 9 1 3 3 10 1 15 2 2 3 4 2 3 15 10 2 9 11 3 9 19 23 17 1 10 5 2 2 1 1 6 15 2 5 3 14 2 9 5 14 15 3 6 1 2 2 10 10 11 11 8 2 11 7 3 8 9 1 1 6 10 1 1 5 1 6 25 3 7 1 2 2 16 8 2 2 12 15 9 1 15 9 1 1 25 1 2 1 16 18 18 7 25 4 3 8 10 1 3 17 18 2 10 14 3 1 12 9 18 4 2 25 24 8 3 12 3 4 14 9 15 13 3 3 10 3 6 17 9 7 14 5 1 2 1 2 29 3 19 21 3 3 1 1 1 10 3 2 2 1 9 2 4 2 15 3 2 2 3 1 11 9 5 15 11 3 10 27 9 2 3 29 2 3 3 1 3 4 10 1 1 2 2 7 8 2 23 8 2 8 2 4 18 13 1 13 20 9 12 4 3 2 13 1 11 2 3 2 2 1 5 16 2 2 6 7 7 11 5 1 1 11 7 3 1 5 1 29 4 2 18 19 15 6 16 21 20 2 2 2 1 8 1 3 5 12 5 17 6 13 11 2 24 1 3 1 10 13 13 27 9 4 2 2 8 10 3 3 19 14 3 13 18 2 1 9 4 2 9 7 3 11 2 17 5 3 4 11 6 18 18 12 6 1 1 14 13 1 19 3 2 13 13 2 1 10 3 2 1 10 10 2 5 3 24 2 2 5 2 30 1 2 6 3 2 2 16 1 1 14 1 3 1 3 2 11 12 2 30 9 15 11 24 19 2 3 14 14 5 7 10 9 2 9 7 19 2 5 17 8 3 15 9 9 1 9 20 15 3 2 8 15 14 10 12 12 1 2 1 12 7 14 9 9 2 1 3 12 12 1 3 1 7 17 20 4 2 7 1 9 2 2 4 14 1 2 3 17 10 15 17 2 9 4 9 25 1 8 11 3 16 3 18 8 1 16 5 28 5 15 7 13 2 5 17 7 2 8 26 2 17 1 2 2 20 11 10 2 1 9 19 5 10 15 12 1 2 1 1 17 1 5 1 4 8 19 5 2 22 2 9 9 15 12 1 7 15 10 13 13 1 1 2 2 9 19 3 28 3 2 10 9 2 1 19 15 3 19 2 10 2 8 3 11 13 8 9 9 1 7 2 8 20 16 3 17 1 11 24 1 4 10 11 10 11 6 26 10 2 7 4 6 6 6 1 25 9 1 1 15 1 2 2 16 1 7 19 9 10 3 18 1 16 28 28 12 1 2 1 3 23 8 6 2 7 22 20 1 18 6 17 2 3 3 15 6 10 1 10 3 26 2 1 9 19 3 15 3 1 7 16 19 15 8 4 3 7 1 8 14 18 13 11 2 1 1 12 1 13 2 3 16 9 1 2 16 1 15 14 1 1 2 17 2 2 18 1 11 18 12 3 11 2 9 18 16 4 8 11 19 6 4 12 1 7 15 2 1 6 3 8 6 11 11 14 5 5 5 14 11 9 3 20 1 10 18 19 13 15 2 10 1 16 29 2 2 10 1 2 22 14 12 19 16 20 10 12 2 19 3 2 6 18 7 7 2 2 18 2 17 2 1 11 7 9 24 9 2 7 28 18 4 3 14 3 17 7 2 11 8 5 19 10 7 2 18 5 6 4 8 18 13 1 1 2 12 6 10 4 18 5 2 1 2 3 19 27 9 6 2 2 11 13 15 17 17 4 3 7 15 9 11 29 4 1 19 7 19 8 3 14 9 4 5 1 13 3 18 16 3 13 5 20 9 6 1 15 6 2 9 1 18 2 12 2 2 28 2 4 1 2 11 17 2 1 6 14 7 17 7 13 16 9 5 5 19 2 13 28 28 3 8 14 1 4 9 3 27 8 1 8 16 10 3 3 1 10 13 15 7 4 2 28 6 11 1 3 11 3 11 2 2 15 11 8 9 4 3 9 16 1 9 3 3 2 11 1 25 26 17 9 8 2 6 10 9 17 1 15 18 5 5 9 17 9 13 20 2 8 9 9 3 3 6 13 4 1 2 5 1 6 12 3 9 2 11 6 9 2 24 19 28 2 1 11 2 6 2 17 13 2 21 2 3 6 17 14 7 1 6 1 21 2 9 23 18 9 1 5 19 1 19 8 13 6 9 16 2 7 5 1 10 2 3 15 21 9 2 9 10 4 7 10 3 18 3 9 6 4 5 18 14 18 17 1 1 8 1 3 11 3 3 9 2 9 4 2 12 10 19 1 26 10 16 7 8 27 2 18 19 2 5 22 2 12 1 1 1 1 14 2 28 18 1 17 10 2 19 8 22 12 13 8 2 3 17 1 7 25 7 2 2 2 12 1 1 20 10 14 3 2 17 2 3 2 2 18 3 8 3 13 6 11 9 19 8 2 1 16 4 3 3 17 10 1
