B=10	N=200	M=3	Cbw=6328	Cpw=1586

Modes
mode base_power
G 10
R 25
P 50

Task types
type name modes
1 enterprise_emergency G|R
2 maritime_airborne G|R|P
3 cellular_backhaul R|P
4 private_high_priority P

The bandwidth capacity of 10 beams
638 704 557 683 570 652 709 721 548 546

The power capacity of 10 beams
173 122 127 161 183 131 183 158 167 181

The type of 200 tasks
1 1 1 2 1 2 2 3 3 2 4 1 3 3 1 4 3 3 2 2 2 2 2 3 3 1 1 2 1 3 1 1 1 3 3 4 2 1 1 1 1 2 1 1 2 2 3 2 1 2 1 4 3 3 2 1 2 3 4 2 1 2 1 2 4 1 4 2 1 2 4 3 1 1 3 1 3 1 3 1 4 2 3 2 3 3 4 4 3 3 1 1 3 1 1 2 1 1 4 3 1 1 1 1 2 1 4 1 2 3 1 2 3 2 2 1 3 1 3 2 3 3 4 3 3 1 3 3 2 2 2 2 2 1 1 1 2 4 4 2 1 2 3 4 2 3 1 4 1 4 2 2 1 3 1 1 1 2 4 2 4 1 4 2 3 3 3 3 3 4 2 1 1 1 3 1 4 4 2 3 4 3 1 4 1 1 4 3 3 1 1 2 1 4 1 3 4 2 1 1

The profit of 200 tasks
26 21 24 90 52 95 113 186 160 50 308 20 100 197 22 258 200 159 107 81 74 54 64 155 165 45 23 75 22 196 34 42 45 100 163 243 96 60 46 38 32 66 56 40 86 92 174 111 21 66 22 335 169 181 117 54 93 200 286 109 36 71 27 69 338 52 213 114 50 113 192 172 40 36 187 28 168 60 153 56 204 59 144 107 151 181 274 285 121 131 23 38 156 46 40 110 20 55 289 132 40 35 41 26 96 22 211 38 120 145 36 90 138 87 77 41 122 44 131 94 193 127 265 184 169 33 176 116 88 116 109 77 69 41 21 44 84 220 229 60 45 112 150 255 118 164 58 270 54 215 83 103 45 176 59 46 41 88 240 117 337 20 272 95 186 137 165 100 155 215 61 29 40 44 131 60 263 217 61 153 183 117 26 265 27 48 196 125 174 53 47 77 21 276 20 105 301 113 44 21

The bandwidth demand of 200 tasks
8 6 3 31 7 22 28 99 95 15 88 3 58 74 5 84 64 72 32 24 30 31 16 64 95 6 3 26 5 88 5 2 8 78 69 86 39 3 6 5 6 39 7 6 25 17 55 36 3 19 8 57 89 77 27 5 23 91 117 14 8 16 8 19 100 7 110 21 8 30 91 91 7 5 66 7 81 6 92 4 45 36 55 14 99 93 119 72 57 59 8 4 80 7 6 38 6 3 114 53 2 5 7 6 33 2 99 3 11 92 5 25 58 26 26 8 95 7 76 34 61 72 117 58 77 6 52 52 11 37 38 28 16 6 3 7 17 109 97 17 5 23 51 48 26 55 2 103 8 103 13 29 7 53 5 7 6 34 107 15 75 2 58 40 72 60 56 74 71 53 19 2 6 7 88 5 119 71 26 75 51 65 7 106 5 2 102 70 60 5 4 29 2 66 4 79 92 23 5 4

The power demand of 200 tasks
2 2 1 5 3 9 4 19 16 5 19 3 19 16 1 30 12 17 4 4 4 8 3 11 14 2 2 4 1 13 2 1 2 9 13 14 4 1 2 2 2 6 1 2 6 9 11 7 2 8 1 27 10 13 7 1 7 11 19 4 2 10 1 7 15 1 14 4 2 5 25 11 1 3 13 3 14 1 10 1 22 3 17 4 14 11 25 14 11 9 1 1 10 1 2 4 2 2 22 8 3 2 2 2 9 2 26 2 4 14 1 10 16 4 9 2 14 1 19 6 13 8 18 11 15 3 19 9 8 5 7 9 8 1 3 3 9 11 28 7 2 7 9 17 6 9 1 28 1 21 6 5 1 20 2 3 3 9 21 5 15 1 23 4 19 17 9 18 16 27 7 2 1 1 19 2 29 21 9 10 15 8 2 29 1 1 16 15 16 2 3 5 3 25 1 11 18 5 2 2
