B=60	N=1800	M=3	Cbw=52072	Cpw=12845

Modes
mode base_power
G 10
R 25
P 50

Task types
type name modes
1 enterprise_emergency G|R
2 maritime_airborne G|R|P
3 cellular_backhaul R|P
4 private_high_priority P

The bandwidth capacity of 60 beams
820 918 869 767 1088 998 886 680 680 789
734 915 958 909 703 963 840 662 979 704
956 767 852 851 715 959 738 895 951 673
841 760 803 965 976 988 1068 972 1076 1042
776 661 851 1091 942 918 920 802 867 992
970 758 682 1004 1066 690 734 876 911 851

The power capacity of 60 beams
210 205 173 203 186 203 167 165 261 234
264 222 208 255 230 256 214 206 183 236
206 249 199 189 162 235 218 224 169 160
238 232 247 222 193 247 206 166 163 252
200 213 256 259 208 161 220 166 249 209
258 167 265 244 258 188 257 210 197 202

The type of 1800 tasks
3 3 2 2 1 1 4 2 2 1 1 3 2 2 1 2 2 1 3 3 1 4 1 2 3 2 1 3 1 1 1 2 1 2 1 1 2 3 3 3 3 3 1 2 2 1 3 1 1 2 1 3 1 3 2 2 2 3 1 3 4 3 4 4 1 1 4 1 4 2 1 1 2 1 2 1 2 3 4 3 1 4 2 3 2 2 3 3 2 2 2 4 3 1 4 1 3 3 2 3 1 4 4 2 3 1 1 1 3 3 2 1 3 2 2 1 3 1 3 1 1 1 1 1 4 3 4 1 3 4 4 2 2 4 4 3 1 4 1 1 3 2 1 1 4 3 3 4 4 4 2 4 2 3 1 1 1 2 3 1 1 1 2 3 1 1 1 1 2 1 4 1 1 1 1 4 4 2 1 1 1 3 2 1 1 2 1 1 3 3 2 3 4 1 3 2 1 4 1 2 3 1 4 3 2 1 2 4 3 1 3 3 2 4 3 3 1 1 3 2 4 2 4 1 2 1 3 3 1 3 3 1 3 1 2 2 1 2 3 2 4 2 1 3 3 2 4 3 2 2 4 4 4 1 1 1 2 2 2 1 1 3 4 4 4 4 1 3 4 2 1 4 2 1 1 3 1 3 2 2 3 1 3 2 3 2 4 2 1 2 1 1 4 3 1 3 3 2 3 1 1 3 3 4 4 4 1 3 3 2 1 2 1 2 1 4 1 1 2 3 3 4 2 3 1 2 1 1 3 2 4 4 1 2 3 1 1 3 4 1 3 1 3 3 1 3 3 1 2 1 3 2 1 1 4 1 3 4 1 1 2 4 2 1 2 3 2 3 1 1 2 1 2 2 1 1 2 4 3 4 3 3 3 3 1 3 4 2 4 1 1 2 2 2 2 1 1 1 3 1 3 2 1 1 1 2 1 2 1 4 1 1 3 2 1 1 1 1 3 1 2 4 4 2 4 1 3 2 3 2 1 1 2 1 1 2 1 1 1 3 3 4 1 1 3 3 1 2 1 2 1 1 3 1 3 2 2 3 1 1 1 3 2 4 3 4 2 3 1 1 1 1 1 2 3 1 1 2 3 2 3 2 3 1 4 4 1 1 1 4 1 4 1 1 2 1 2 2 3 4 3 2 1 1 1 4 2 1 1 1 1 1 4 1 3 2 2 1 1 4 2 3 1 2 2 1 3 4 3 1 2 3 1 2 3 3 2 1 2 3 3 3 2 3 1 2 2 2 1 3 2 3 1 3 3 4 2 2 2 3 2 4 1 1 3 2 4 1 2 3 2 2 2 1 3 3 4 3 4 2 2 1 1 1 2 3 1 3 3 3 1 4 1 1 1 2 2 4 2 3 4 4 1 3 1 1 4 2 4 4 4 3 1 4 3 1 2 2 1 4 3 2 3 1 2 1 2 3 1 4 3 1 4 3 1 3 2 2 4 1 3 4 3 1 4 1 2 2 4 2 2 2 4 1 3 1 1 2 1 3 2 3 3 4 3 3 1 2 3 1 1 1 1 2 3 2 1 1 1 2 1 1 2 1 4 1 4 4 3 3 3 1 1 3 3 2 4 1 3 2 2 2 1 4 2 4 3 1 3 4 3 1 3 3 3 3 2 3 2 1 1 1 1 1 2 4 2 1 3 4 1 1 1 3 1 1 1 1 1 2 1 3 1 1 1 1 3 1 2 1 1 1 1 1 1 1 2 3 4 1 3 4 1 2 1 1 2 1 4 3 3 2 2 2 3 3 1 3 3 1 1 3 4 4 3 2 1 3 3 3 2 2 1 2 2 1 1 4 1 1 3 2 3 2 4 4 3 3 3 3 1 4 2 1 4 4 2 1 2 2 4 4 1 1 2 1 2 3 4 4 1 1 1 2 2 1 3 1 1 1 3 2 4 2 3 3 3 1 2 1 2 4 1 4 2 2 4 2 1 2 2 1 1 2 4 2 3 3 3 1 1 1 1 1 4 1 4 1 2 1 1 1 3 3 1 1 1 1 4 2 1 1 3 4 4 1 4 1 4 4 3 1 1 2 2 3 4 2 3 2 4 1 4 2 1 4 1 3 1 1 3 4 4 4 3 3 4 2 2 1 2 4 1 3 4 2 3 3 4 2 1 4 1 1 1 4 1 4 2 2 1 2 3 2 3 3 2 2 2 3 1 2 1 4 3 2 1 3 1 3 4 1 1 4 4 2 1 2 3 1 1 4 4 1 1 3 1 3 1 4 3 4 4 3 3 2 3 1 1 3 1 4 1 1 1 2 3 3 1 1 2 3 1 4 2 4 2 4 2 3 1 1 2 2 3 4 4 2 3 1 2 2 4 3 1 3 3 1 2 2 3 2 4 3 2 1 1 3 1 3 2 1 4 1 1 3 1 2 4 3 1 1 1 2 2 2 1 1 4 2 1 4 3 2 1 1 4 1 1 1 1 2 1 1 3 2 2 4 1 2 4 2 2 2 2 2 1 1 2 1 2 4 2 2 2 4 3 4 1 3 1 2 1 2 3 1 4 3 2 1 1 1 1 1 4 4 3 1 1 3 1 4 1 3 1 2 3 1 2 3 2 4 1 1 2 1 4 1 1 1 1 3 1 1 3 1 1 1 4 4 3 1 2 3 3 2 1 1 3 1 1 3 4 1 2 4 1 1 4 1 1 1 3 2 3 1 1 3 3 2 2 1 4 3 1 2 3 3 2 1 2 1 1 1 1 1 2 1 3 4 2 1 2 4 1 1 1 1 2 3 2 4 3 2 2 1 2 3 3 1 3 3 2 2 1 4 4 1 3 4 1 3 1 3 1 1 1 2 2 2 2 3 3 1 3 3 1 1 2 3 1 3 3 2 3 4 3 3 2 1 3 2 3 3 2 3 3 3 3 2 3 4 1 4 3 1 2 3 1 4 2 2 1 3 4 3 4 3 2 2 1 3 1 1 2 3 2 1 2 1 1 1 1 3 3 3 4 2 1 3 3 4 2 2 2 3 1 3 3 2 3 1 3 2 3 3 1 2 3 2 1 1 1 2 4 4 1 1 3 3 4 1 3 1 1 4 2 1 2 4 2 1 2 4 4 4 2 1 3 2 2 1 1 2 3 1 1 2 2 2 3 3 4 3 3 3 1 1 1 4 2 3 2 2 1 3 2 4 3 3 4 2 1 3 3 1 1 1 3 2 2 1 1 4 1 1 2 2 1 2 3 4 3 3 3 1 4 2 4 3 2 1 2 2 1 3 2 2 2 3 3 2 1 3 3 1 2 4 4 4 2 2 1 1 3 2 4 3 1 2 1 1 3 2 1 1 1 1 2 3 2 2 2 2 2 1 4 3 1 3 4 3 3 2 3 1 3 3 1 2 3 1 3 4 3 4 3 1 1 2 4 2 1 2 1 4 2 1 2 3 3 2 2 2 3 3 2 4 3 1 2 2 2 3 2 3 2 2 4 4 2 2 3 1 4 1 1 2 3 2 1 1 3 1 2 1 2 2 4 1 1 3 2 4 3 2 3 2 3 2 3 4 1 1 1 3 1 3 3 1 2 1 2 3 1 3 1 1 2 1 3 3 1 1 2 3 1 2 3 3 2 3 1 4 2 1 2 4 3 1 1 3 4 1 1 3 1 1 3 3 4 4 1 1 3 1 3 3 3 1 3 1 1 1 1 2 3 1 1 2 1 3 1 3 2 4 2 3 1 2 4 2 1 1 3 1 3 1 2 1 1 1 1 3 2 3 4 2 3 2 1 4 2 1 1 1 1 3 2 1 2 3 3 3 1 2 1 4 3 3 4 2 4 3 1 1 1 1 1 1 3 1 3 1 2 4 3 1 3 4 1 3 1 1 2 3 1 1 1 2 1 4 1 2 4 2 4 3 4 2 2 2 1 3 3 3 1 3 4 3 4 4 1 2 4 3 2 2 2 2 2 3 1 2 1 1 4 2 3 3 3 1 1 2 2 4 2 2 1 2 1 1 3 4 3 3 3 2 2 2 2 2 2 3 1 1 1 4 2 3 4 2 4 1 4 4 1 1 3 2 1 1 3 2 1 4 2 3 3 1

The profit of 1800 tasks
129 158 58 78 59 57 287 54 73 24 37 137 92 53 58 50 89 35 128 123 20 295 35 70 171 78 37 129 41 59 45 103 20 99 42 59 87 152 118 196 166 155 22 59 88 42 130 46 20 107 35 174 54 195 77 110 80 145 60 195 225 125 286 181 58 20 338 58 220 85 55 32 61 21 97 37 70 195 245 192 43 195 56 101 88 56 176 196 100 60 63 205 177 59 204 23 171 142 70 192 38 203 242 100 142 43 31 52 104 118 75 27 145 76 98 28 198 45 136 36 49 34 59 27 211 121 202 50 130 224 246 86 60 243 293 197 54 264 48 38 169 93 52 43 307 142 184 270 236 328 95 283 73 167 60 60 51 82 160 34 47 57 65 130 42 42 21 58 91 59 330 32 56 54 31 185 218 83 54 25 22 116 73 28 27 108 29 27 187 177 96 120 235 38 175 112 53 253 31 85 130 25 227 191 68 45 108 198 179 26 178 124 51 254 120 118 41 32 172 56 189 111 296 24 80 44 168 174 48 183 122 46 182 51 56 75 60 111 159 112 304 93 26 150 112 55 320 176 91 93 234 332 297 54 53 22 55 84 70 35 47 128 251 330 258 333 39 200 320 54 39 347 117 46 40 187 60 110 78 58 150 32 161 71 140 66 261 103 38 64 27 22 297 145 29 150 126 92 186 34 51 138 169 231 313 247 44 153 180 79 30 75 52 68 32 251 23 33 91 186 165 207 84 180 53 64 23 22 131 56 218 214 51 61 135 46 60 104 239 47 191 52 102 136 46 116 121 51 84 28 112 76 47 48 210 46 199 345 40 22 89 323 104 59 68 100 57 169 60 21 61 38 51 60 56 46 76 180 172 204 123 123 121 150 52 186 181 53 235 54 30 52 57 119 115 24 41 46 176 59 155 93 49 49 39 50 55 112 30 192 22 49 199 59 40 49 59 42 148 45 71 289 323 105 190 58 140 55 113 78 59 53 98 59 42 69 25 57 42 157 137 267 45 58 137 192 54 74 39 101 57 24 117 52 130 60 115 148 46 60 29 175 101 217 181 311 60 130 41 58 58 55 38 54 123 34 60 97 136 63 152 60 123 30 239 298 36 52 56 281 22 315 59 47 66 36 105 93 161 249 184 56 49 22 35 278 100 34 30 39 60 23 322 49 196 79 87 26 39 196 98 158 30 114 58 53 159 183 154 53 61 158 30 99 132 179 115 54 108 136 163 108 83 187 60 120 89 70 31 182 87 184 26 151 123 270 73 77 90 168 59 204 38 44 136 69 239 37 87 126 76 79 104 49 192 188 254 137 261 75 71 21 39 20 68 161 50 162 177 194 34 182 44 54 30 115 60 272 94 148 193 261 38 159 21 59 221 69 260 193 288 159 20 234 193 39 104 91 37 282 118 71 193 39 78 22 113 148 30 249 147 28 333 125 20 128 112 116 240 45 173 321 107 36 247 59 50 57 327 76 77 103 190 26 173 31 51 103 57 108 77 142 128 314 127 119 41 92 134 51 42 41 48 99 120 93 43 58 54 64 32 52 55 31 339 56 251 203 126 177 167 44 38 128 138 74 276 21 112 70 111 81 45 296 94 197 142 25 118 225 114 44 189 159 175 193 69 106 50 24 36 46 58 24 97 329 110 60 101 343 26 52 43 190 60 45 59 42 41 95 50 132 20 39 21 27 123 55 66 58 60 32 25 26 55 39 70 158 267 49 190 272 28 98 30 43 89 42 234 162 147 94 56 92 169 113 23 166 138 34 34 105 211 285 125 73 37 178 159 127 98 50 35 71 84 48 30 331 55 50 170 55 177 76 342 261 197 185 149 112 41 328 76 46 224 337 119 27 75 55 206 299 58 29 99 47 90 193 218 267 54 31 45 89 78 33 114 34 56 45 109 62 259 60 112 182 190 24 61 56 105 219 45 274 79 51 289 104 21 76 55 28 42 75 334 96 188 164 145 53 36 49 30 50 270 30 317 51 58 35 33 60 182 187 39 47 49 21 187 100 32 53 140 253 324 44 226 24 287 219 111 41 32 92 77 104 333 82 179 99 232 38 326 101 33 229 29 168 37 30 174 350 324 303 124 106 256 115 78 28 57 248 35 140 244 103 136 185 302 103 35 336 37 54 56 349 25 203 107 117 40 51 159 76 168 155 89 117 91 180 42 56 43 320 145 62 27 182 56 101 243 24 50 240 290 66 20 53 172 46 46 278 320 58 58 155 47 137 25 291 158 244 245 184 164 77 132 41 56 138 59 332 46 43 41 114 159 200 40 29 79 200 21 270 67 286 54 281 74 168 46 21 106 81 133 253 348 118 150 58 86 52 295 131 41 200 126 35 51 93 199 86 298 114 62 49 41 105 35 171 50 57 189 37 34 200 54 71 334 126 33 40 24 54 94 74 59 46 207 72 46 190 145 117 48 24 299 31 40 55 27 61 43 53 155 52 60 264 43 106 191 83 66 76 71 84 26 22 75 39 110 334 92 108 80 196 120 283 51 113 50 80 57 113 135 22 271 123 119 22 44 30 34 43 247 297 127 24 36 151 56 216 29 179 23 100 194 39 62 123 93 320 57 47 92 35 233 46 20 31 59 174 49 32 153 49 27 23 331 336 107 29 54 157 184 62 38 23 166 25 43 138 310 46 75 241 20 41 325 49 52 51 146 63 178 57 55 103 103 74 89 57 188 166 25 114 136 136 52 53 69 27 22 60 45 42 114 24 189 317 64 25 66 334 32 29 29 40 61 178 60 194 146 112 69 53 74 159 195 26 169 125 56 113 31 224 201 28 151 269 20 133 48 155 21 55 32 102 93 113 96 137 141 35 105 125 53 33 105 160 31 123 129 77 150 290 146 185 110 32 140 84 131 159 74 167 168 126 101 87 191 330 52 313 187 47 77 165 55 242 114 94 53 125 306 152 207 142 91 92 26 175 50 23 82 186 73 41 78 42 22 27 22 152 166 152 244 65 25 143 145 267 110 108 114 110 28 148 162 116 100 56 139 77 144 134 30 90 118 90 29 23 24 51 331 294 53 43 151 168 309 41 111 26 60 226 58 38 105 279 105 27 110 187 200 319 118 45 107 55 114 54 50 97 180 54 25 99 109 89 193 119 202 137 177 124 38 20 24 284 101 197 71 94 46 114 116 269 149 189 320 70 38 183 183 23 49 41 190 90 104 39 47 209 34 41 64 120 60 99 130 345 117 142 144 51 269 108 309 165 72 42 76 114 57 180 84 60 119 115 176 113 46 115 178 43 53 301 290 185 57 106 54 25 176 111 196 191 54 73 29 23 133 87 44 26 28 33 116 196 67 80 101 86 66 20 193 127 54 157 349 167 113 95 136 34 185 147 26 80 183 25 179 266 104 238 145 53 21 77 199 77 37 71 37 313 109 29 82 160 151 63 55 56 107 117 69 270 103 24 105 116 84 136 58 114 99 53 274 337 54 61 156 21 215 21 59 51 188 97 24 32 195 45 117 55 88 62 185 33 45 148 112 309 115 51 141 90 166 111 133 204 56 41 25 172 29 117 193 23 80 42 80 192 48 137 48 25 95 34 152 188 42 36 57 188 24 115 136 117 64 145 51 203 97 40 71 285 181 46 20 123 324 39 21 169 49 33 125 167 243 327 51 55 156 32 109 113 193 33 125 41 59 35 25 68 106 22 60 92 41 117 35 121 108 204 63 164 60 99 200 113 32 38 131 43 198 35 114 47 28 22 39 116 102 126 191 101 175 99 50 342 50 41 37 43 39 185 75 44 106 123 144 166 50 84 41 223 187 105 347 90 252 185 24 55 52 52 20 20 182 27 166 39 87 202 180 47 144 265 25 127 48 28 103 115 24 29 44 58 34 204 28 78 272 105 197 156 349 111 119 100 59 105 159 117 25 120 236 198 234 318 57 85 191 184 86 93 89 99 98 198 23 100 57 60 332 114 159 193 141 36 30 113 117 211 104 118 25 99 31 50 181 203 141 158 183 105 109 117 54 114 50 163 26 46 20 213 59 191 195 60 190 35 345 276 21 45 135 73 30 49 160 105 52 249 103 166 114 56

The bandwidth demand of 1800 tasks
70 58 36 26 3 5 45 36 24 3 4 75 28 19 5 11 32 2 76 70 7 109 5 16 60 13 6 92 3 4 5 10 2 32 3 3 12 82 75 93 87 93 2 31 11 2 51 6 7 31 6 100 3 94 21 36 17 76 5 70 94 83 54 62 5 3 64 6 92 28 4 3 12 7 12 6 37 58 74 82 8 98 16 55 33 36 76 56 28 26 22 83 58 4 59 7 82 75 16 92 5 67 70 32 74 3 4 3 70 92 21 4 62 26 16 3 79 8 87 3 3 7 4 4 61 76 40 8 86 62 78 36 28 72 81 83 3 101 4 3 88 32 8 6 114 75 75 104 96 41 25 79 13 52 7 7 7 27 99 3 7 6 38 94 7 2 3 5 39 8 63 8 7 2 3 80 109 34 3 8 8 98 30 5 4 33 6 6 84 64 20 82 50 6 62 34 3 65 5 30 54 7 106 57 38 8 25 76 57 5 71 76 19 47 92 96 2 7 91 27 95 15 51 5 15 5 87 96 4 73 55 3 58 5 21 14 7 21 57 12 84 36 7 90 55 11 40 55 17 14 74 82 41 5 6 6 15 27 18 5 6 99 98 115 115 54 7 97 84 29 4 100 37 3 6 58 3 78 35 33 74 7 73 32 89 39 100 21 6 19 7 8 84 80 6 68 91 30 64 2 4 91 100 120 93 46 5 54 50 31 7 16 7 32 4 94 8 7 33 64 73 48 20 70 6 17 8 6 89 20 103 112 5 12 82 4 3 76 103 8 63 3 93 53 8 57 90 7 28 7 53 25 3 4 41 7 81 40 6 5 19 65 35 5 18 90 33 65 3 3 36 2 12 31 3 2 26 82 99 96 99 96 97 52 4 87 62 32 83 3 4 30 36 19 20 3 5 3 63 2 74 29 5 4 7 33 5 14 4 109 2 8 77 35 7 4 6 3 97 3 16 61 52 23 40 3 55 23 54 20 2 8 38 6 7 25 6 8 4 75 99 74 5 4 66 70 7 20 5 23 8 5 86 5 82 18 38 55 7 7 3 74 37 54 60 118 35 78 5 2 7 5 4 21 66 6 7 31 86 10 97 38 79 3 67 74 6 8 3 67 8 54 6 7 11 5 26 14 67 117 62 28 4 7 5 68 27 5 5 5 7 3 49 4 95 22 33 4 5 63 37 76 2 30 33 7 96 87 70 2 20 84 3 31 88 78 15 5 33 96 50 55 26 84 4 18 26 21 4 69 35 87 7 55 91 52 27 28 37 94 29 116 7 2 92 27 99 3 13 51 14 27 19 7 98 91 76 56 100 31 17 8 7 8 30 98 7 91 92 91 5 48 3 8 4 35 39 45 13 84 116 116 2 62 6 7 63 18 63 46 53 53 5 86 63 5 12 19 6 89 55 23 79 7 33 5 15 91 4 57 53 7 72 93 7 55 36 27 53 5 52 90 67 8 107 7 37 27 90 11 39 15 98 3 92 3 4 40 6 87 14 63 96 67 76 52 6 26 86 2 8 2 4 18 61 14 7 6 3 27 8 3 24 5 53 5 48 65 84 51 70 7 3 91 88 13 87 7 64 15 37 15 8 106 13 49 89 3 80 60 58 7 55 57 87 74 12 53 28 3 4 4 7 4 23 94 18 4 73 97 8 7 8 87 7 4 3 5 3 20 3 58 5 3 6 6 61 4 40 6 7 2 3 6 4 3 36 57 78 6 67 82 7 16 6 4 11 4 65 66 74 36 30 30 74 66 5 97 55 3 8 88 73 71 78 32 5 63 51 58 38 23 2 28 10 5 7 100 5 8 89 12 96 38 114 45 68 67 78 61 4 119 38 4 117 83 37 3 24 14 85 54 8 6 38 6 17 86 105 68 4 3 6 17 31 4 54 3 4 6 81 38 64 22 66 71 54 6 19 7 32 64 8 53 18 28 81 29 6 16 35 6 4 29 48 12 57 85 88 8 8 8 3 5 88 4 115 3 18 4 6 4 59 59 3 4 6 7 94 32 7 3 54 67 70 2 113 3 61 119 79 7 7 11 37 55 74 13 79 31 55 5 116 15 3 110 4 63 3 3 82 81 112 107 95 60 105 38 29 8 24 44 5 85 120 29 90 94 67 15 7 119 7 6 4 90 7 98 33 16 6 16 85 15 65 75 23 13 11 87 5 22 6 99 79 17 2 81 3 71 63 3 6 65 61 25 4 35 76 2 2 111 46 2 7 67 5 74 6 103 78 108 104 83 91 36 60 3 3 81 8 117 3 2 3 26 97 59 3 3 19 95 4 100 37 96 21 111 10 58 5 7 14 17 72 48 83 12 93 6 32 19 78 60 5 58 58 6 18 40 81 27 55 73 34 5 4 89 7 97 28 2 75 6 7 58 7 39 118 63 3 6 6 31 31 11 7 6 102 14 2 102 57 27 4 3 84 3 6 7 7 39 7 4 97 39 28 70 3 13 59 40 37 27 39 15 3 5 19 2 31 118 22 13 19 114 74 70 8 50 5 24 6 26 60 4 87 57 12 5 7 2 6 5 105 53 97 3 7 91 4 89 3 58 3 15 56 6 32 57 34 96 7 6 30 6 65 5 7 8 3 74 5 5 86 8 3 5 87 48 83 7 17 67 76 29 3 4 58 3 8 55 59 7 29 49 7 3 115 8 7 5 84 13 97 6 4 71 63 26 21 2 63 56 5 30 69 55 13 8 12 3 3 3 8 5 25 5 97 103 31 5 37 118 6 2 6 5 29 97 28 96 72 15 31 5 24 77 95 3 80 59 26 22 7 86 59 6 58 74 7 83 4 83 3 6 8 30 23 24 29 77 67 5 52 62 7 3 38 54 3 86 87 17 54 45 84 86 28 7 84 39 68 96 26 60 84 84 51 25 59 106 5 102 85 6 25 62 7 63 29 21 6 94 40 71 47 51 39 30 7 72 8 3 34 90 38 6 12 3 3 4 7 76 64 87 119 16 7 68 85 49 26 30 35 86 5 65 72 33 74 6 90 34 68 73 4 28 87 19 4 3 7 17 78 55 7 7 66 68 50 3 68 4 4 73 21 4 40 43 20 3 27 41 60 93 20 4 57 18 12 7 2 11 99 8 7 29 35 31 61 52 69 64 93 57 4 5 4 117 36 97 38 30 4 78 15 51 93 88 100 21 5 90 68 4 4 5 90 23 26 6 2 99 2 7 24 40 4 17 72 67 54 63 95 8 99 22 84 55 39 2 30 25 6 71 32 10 39 72 67 10 3 70 59 7 19 74 74 54 33 37 4 6 69 40 58 59 6 34 3 4 85 24 6 6 4 6 35 75 21 18 15 25 38 6 115 73 4 57 97 77 99 19 83 5 53 98 7 12 59 3 81 46 73 51 64 5 3 20 56 27 8 40 5 71 35 3 17 66 97 31 20 16 53 79 27 100 63 4 13 20 28 93 28 83 18 39 97 58 29 18 80 5 96 5 5 21 69 26 2 3 98 4 27 4 25 38 112 5 5 76 12 70 91 18 72 11 73 37 72 91 3 7 5 75 8 63 71 3 26 3 19 92 3 75 6 6 33 5 64 55 6 5 15 63 8 25 66 71 26 67 5 42 26 5 16 63 94 8 4 66 48 3 3 89 4 7 68 71 53 61 5 7 75 3 71 69 54 5 52 7 3 3 4 15 68 6 5 38 3 97 6 86 31 75 32 77 7 16 64 12 6 7 58 5 58 3 38 4 7 5 4 76 31 72 52 16 57 31 6 114 26 8 6 7 2 59 10 2 33 89 64 74 3 29 7 111 71 93 116 16 88 99 6 3 7 6 3 6 93 3 83 2 35 72 79 4 69 68 5 67 4 4 36 60 6 7 3 29 2 63 7 25 87 16 104 78 118 15 29 40 6 95 98 52 6 57 51 96 85 59 5 35 109 55 14 24 17 38 14 86 5 14 5 4 44 24 74 76 69 6 3 10 31 43 27 34 5 10 4 5 61 87 83 79 67 36 36 34 39 15 37 86 3 4 5 117 23 76 79 19 78 3 99 64 2 7 92 32 5 3 97 32 3 110 12 96 54 2

The power demand of 1800 tasks
12 18 5 9 2 3 23 8 3 2 2 9 5 3 3 5 5 1 18 9 1 16 3 4 17 9 2 14 3 3 1 8 1 8 3 2 6 19 17 13 20 18 2 5 7 2 10 1 2 9 1 8 1 15 3 9 8 12 1 16 19 12 25 17 3 2 11 3 25 9 1 2 3 1 9 1 3 11 18 17 3 16 9 10 7 8 9 10 5 7 5 22 12 2 18 3 10 12 9 15 3 17 23 3 17 1 3 2 18 16 3 1 16 7 6 1 13 1 15 1 1 3 1 3 11 14 11 2 12 30 14 8 7 26 18 9 2 17 2 1 14 8 1 3 16 17 12 20 21 29 4 16 8 18 3 2 1 9 17 2 2 2 9 20 2 1 3 1 7 1 15 1 2 1 1 18 16 4 2 2 3 11 6 2 1 9 3 2 19 8 4 14 25 2 20 6 3 13 1 3 20 1 17 18 5 1 10 14 17 3 15 19 6 21 15 15 3 1 17 7 13 10 30 2 7 2 12 20 3 14 13 2 9 3 5 4 2 5 9 5 16 6 1 19 8 4 26 14 7 8 18 24 17 1 1 1 8 6 6 1 1 9 29 26 26 23 3 17 10 8 2 11 9 2 3 18 3 19 5 4 13 1 8 9 19 10 11 6 1 4 2 2 28 18 1 14 20 9 14 1 2 14 10 13 11 17 1 10 13 7 1 3 1 7 3 11 2 2 6 18 15 29 5 19 2 4 2 1 11 5 13 27 1 3 12 1 1 13 17 1 18 2 18 16 3 12 11 2 5 1 18 7 3 3 27 2 9 23 2 2 4 17 4 1 3 15 7 19 1 1 5 2 5 5 2 2 3 19 12 22 20 12 19 9 3 8 17 4 14 2 2 9 9 4 7 2 2 1 19 1 12 10 2 2 1 9 1 8 1 17 1 1 19 7 1 2 1 1 9 1 5 20 14 6 20 2 9 6 17 5 2 2 8 1 2 5 1 3 2 13 16 26 1 1 17 16 1 4 2 8 1 2 15 2 19 4 10 12 1 2 1 15 7 23 11 21 6 8 1 3 2 3 2 9 19 1 2 8 20 6 17 4 11 1 17 17 1 1 3 21 3 24 2 1 8 3 9 5 15 26 13 4 3 1 1 16 7 3 1 3 2 3 26 2 18 10 8 1 3 19 5 18 2 6 5 3 14 24 19 1 5 13 2 8 20 8 8 2 6 13 15 11 5 18 1 10 4 6 2 17 9 20 2 15 16 10 5 8 9 12 8 12 2 3 20 9 14 1 3 14 4 9 10 1 18 9 24 12 20 5 9 1 3 2 6 14 1 9 9 13 2 22 2 3 1 4 4 21 5 10 24 12 1 18 1 1 21 5 14 18 13 17 1 23 11 1 8 8 1 18 16 5 10 3 7 1 5 13 3 19 15 2 17 18 1 9 4 4 11 2 17 27 8 2 28 3 6 8 11 9 9 4 18 3 14 1 2 3 2 19 8 11 15 22 18 17 1 8 11 3 1 2 2 8 11 9 1 2 1 8 1 3 7 1 29 1 15 12 15 13 10 1 1 8 15 5 18 3 13 6 7 4 2 14 8 19 16 1 17 12 13 1 17 9 9 18 5 16 5 3 1 1 2 1 10 17 7 2 8 12 3 2 3 11 2 1 1 2 1 4 2 19 2 1 2 3 11 2 7 3 2 3 2 2 2 3 7 10 10 1 11 21 3 3 1 2 7 1 11 9 18 3 10 10 18 10 2 17 13 3 3 12 21 24 11 8 2 11 17 17 5 3 1 6 6 2 1 24 3 3 17 3 12 4 11 23 10 18 10 13 3 23 5 2 24 22 7 2 7 3 12 10 1 3 5 2 8 20 19 26 1 1 2 6 5 1 16 3 3 3 14 9 15 7 12 11 15 1 9 1 9 14 3 27 7 6 25 8 1 4 7 1 3 6 17 7 10 17 11 3 3 3 1 2 15 3 12 1 6 2 3 1 16 10 2 2 3 2 17 8 1 2 16 15 15 1 29 2 16 16 11 3 1 7 6 20 15 7 18 4 18 3 22 4 3 26 3 16 2 2 15 26 28 16 20 10 23 6 6 3 5 14 1 13 26 9 9 19 21 7 2 24 3 3 1 12 2 29 6 9 2 10 15 8 11 11 6 10 5 11 2 7 1 30 15 9 2 11 1 11 22 2 2 30 16 5 3 10 10 1 2 29 23 1 2 11 3 9 2 29 13 22 14 11 18 8 14 1 1 15 2 17 2 3 3 4 17 20 2 1 6 10 1 24 3 30 8 21 6 10 1 1 6 4 13 23 12 7 11 3 5 9 21 14 1 12 13 3 8 4 16 6 18 10 4 3 3 17 3 13 7 1 25 3 1 19 2 3 23 13 3 2 2 9 6 6 1 1 14 8 1 15 9 7 2 2 21 1 1 1 3 4 1 1 19 9 4 18 1 3 11 7 4 3 8 6 1 3 6 2 3 14 8 5 10 14 11 22 3 18 2 4 1 4 13 1 12 17 5 2 3 1 2 3 16 29 14 1 2 18 1 29 2 15 1 7 17 1 10 12 4 29 1 2 5 3 17 1 2 2 1 10 2 2 11 2 2 1 21 13 18 3 4 18 18 5 1 2 18 1 1 9 22 1 9 18 3 3 27 1 2 2 16 6 19 3 2 9 17 4 4 1 27 16 1 7 10 19 5 2 7 1 1 3 2 3 4 1 10 12 5 3 7 13 2 1 2 3 4 9 4 10 12 10 4 2 4 9 20 2 11 9 4 6 3 24 27 1 17 14 2 19 2 10 2 3 1 6 10 6 6 10 8 1 9 20 1 3 9 16 3 13 19 7 15 29 13 10 5 3 10 9 18 17 7 18 11 14 14 4 19 29 3 11 15 2 4 17 3 16 5 8 3 11 13 13 28 19 6 5 1 11 2 1 7 16 4 2 7 2 2 2 2 13 11 20 21 8 2 15 18 23 6 7 4 17 2 19 10 8 9 2 15 5 17 12 2 3 17 5 2 1 2 6 11 12 1 2 18 11 29 1 17 1 2 17 10 3 10 11 7 1 9 15 29 12 7 3 12 3 6 1 2 9 16 2 3 9 3 7 14 12 12 16 14 13 3 1 3 17 4 13 6 4 2 9 9 20 9 8 29 7 1 20 19 1 1 1 11 7 6 1 3 12 1 1 9 9 2 5 18 27 16 16 15 2 18 7 14 9 3 2 7 8 3 15 4 8 6 16 15 7 1 20 18 3 9 13 25 15 3 5 3 2 9 9 24 10 3 10 2 3 19 8 1 2 3 2 3 14 8 9 3 5 10 2 19 11 1 16 14 12 18 8 14 1 11 14 2 8 14 2 18 20 11 27 15 2 1 8 12 4 1 6 1 12 3 2 7 13 18 7 6 7 19 13 9 19 14 1 4 8 4 18 7 15 7 9 19 20 9 10 19 1 24 1 3 8 13 5 2 2 20 3 9 1 8 9 27 3 2 15 4 12 12 8 11 8 9 4 10 19 3 1 1 13 3 19 9 2 3 1 5 16 1 8 1 2 3 2 18 10 1 3 5 13 1 3 18 14 6 12 3 21 5 2 3 28 10 1 2 17 19 1 3 15 1 1 13 17 16 11 1 1 14 1 11 9 16 2 13 3 1 3 2 5 17 1 2 6 1 16 2 15 3 16 9 14 1 6 13 5 3 2 19 1 8 1 8 1 2 2 2 9 5 10 17 7 18 9 1 14 9 1 3 1 3 15 7 3 4 16 9 20 2 9 3 24 11 9 16 10 28 11 1 1 1 2 2 2 16 2 17 2 8 15 13 2 13 11 1 18 1 1 5 12 2 3 3 6 2 26 2 3 20 7 20 8 28 9 8 6 3 12 20 15 1 17 25 14 18 11 3 9 22 14 10 5 6 7 8 11 1 4 1 1 29 10 18 12 16 1 2 4 6 25 4 4 1 9 3 2 12 28 10 10 13 10 5 4 9 9 4 18 3 2 1 26 6 14 17 4 22 1 27 30 1 3 14 3 2 1 15 8 2 29 7 18 10 2
