B=40	N=400	M=3	Cbw=13053	Cpw=3737

Modes
mode base_power
G 10
R 25
P 50

Task types
type name modes
1 enterprise_emergency G|R
2 maritime_airborne G|R|P
3 cellular_backhaul R|P
4 private_high_priority P

The bandwidth capacity of 40 beams
354 411 414 385 303 334 404 294 354 270
304 263 254 275 304 286 393 378 254 327
414 271 262 334 282 382 371 326 386 382
288 405 280 306 341 301 262 275 286 338

The power capacity of 40 beams
105 110 101 96 79 86 91 87 88 108
75 92 80 98 94 90 70 88 81 104
92 93 110 70 105 105 109 78 111 105
91 71 114 84 109 81 98 81 106 101

The type of 400 tasks
3 3 3 4 1 4 1 1 1 3 1 1 2 4 3 1 1 1 1 4 1 3 1 4 1 2 3 1 2 3 1 2 2 2 1 3 1 4 1 2 2 1 1 3 3 1 3 3 2 1 1 2 3 4 2 2 4 3 2 4 1 3 1 1 1 4 2 2 4 2 2 2 3 2 3 4 3 4 4 2 1 3 4 4 1 3 3 1 1 3 2 3 1 2 2 2 4 2 2 3 4 3 3 1 2 1 3 4 4 1 1 1 2 4 3 1 1 2 2 2 3 1 2 2 2 1 4 4 3 2 3 3 3 4 2 3 3 2 4 1 1 1 2 4 2 4 1 2 1 4 1 2 2 3 2 2 1 2 4 2 1 3 2 2 1 4 2 1 1 3 1 3 1 1 2 3 2 1 1 4 1 1 3 4 1 1 2 2 1 1 1 2 4 1 2 1 1 2 1 1 3 2 1 1 1 4 3 4 1 2 1 2 4 2 3 3 4 1 3 3 2 2 1 2 1 3 3 3 1 2 2 3 1 3 2 1 2 4 3 2 2 1 2 3 3 2 3 1 4 1 1 3 2 3 3 3 4 2 1 4 1 1 4 3 3 1 2 4 2 1 3 1 3 2 3 1 3 2 1 4 1 1 3 3 4 2 3 2 1 3 3 1 3 4 4 3 1 1 3 1 4 3 1 2 4 3 1 1 2 2 1 1 1 1 2 1 3 4 2 1 1 1 3 1 1 2 1 1 1 4 2 4 2 3 3 2 3 3 3 4 2 2 3 4 1 3 4 3 3 1 3 4 2 1 3 2 1 2 1 1 3 3 1 1 1 1 1 3 1 1 1 3 1 3 1 1 3 3 3 2 1 4 3 1 4 2 2 1 4 2 2 1 3 4 2 1 2 1 1 1

The profit of 400 tasks
120 186 183 311 35 187 51 53 25 118 28 47 108 319 122 60 58 36 47 260 51 167 25 277 22 55 134 43 62 188 47 120 50 67 39 157 20 314 37 76 55 59 28 129 165 42 101 177 93 25 21 113 176 261 68 71 180 125 112 221 28 179 59 58 28 330 101 98 226 57 51 109 125 54 100 254 193 207 331 111 29 192 242 211 26 121 116 57 51 182 70 112 35 87 81 111 222 54 102 111 227 183 161 24 68 32 192 298 331 50 48 54 74 259 170 51 27 120 96 80 116 60 76 113 63 58 295 272 199 54 127 154 155 253 101 106 179 72 325 51 31 40 93 207 73 194 53 70 27 229 48 94 115 167 110 106 57 73 205 75 39 164 87 105 58 236 104 34 48 190 24 160 53 43 57 102 100 28 50 312 24 43 133 231 27 50 111 61 31 45 32 74 217 49 107 44 40 109 28 46 122 71 54 30 56 207 125 251 51 107 37 74 312 96 138 158 270 46 171 183 62 92 25 117 47 171 190 188 43 119 75 159 20 169 100 42 92 266 106 52 67 32 100 112 154 55 181 45 194 48 46 118 92 188 155 195 329 106 23 342 27 36 276 103 141 22 58 205 114 56 113 34 167 104 148 43 168 75 50 343 60 44 150 143 257 100 149 99 26 121 104 41 143 203 279 200 22 37 157 21 224 150 22 119 240 107 22 52 53 61 42 54 27 21 94 31 156 309 114 40 48 55 117 28 36 61 42 58 32 265 62 341 89 140 107 92 102 110 110 331 79 64 188 194 52 199 196 173 128 41 101 257 55 57 143 110 39 70 36 42 175 125 50 47 60 57 24 189 51 37 50 132 54 200 49 37 158 109 187 59 30 200 194 32 263 111 82 22 236 118 97 27 121 215 92 57 69 24 57 33

The bandwidth demand of 400 tasks
75 64 78 49 6 100 4 5 8 100 2 4 29 117 53 7 7 4 7 49 3 62 7 112 4 20 61 4 28 51 6 10 28 28 7 100 3 118 7 15 37 6 5 62 63 8 84 93 24 6 3 26 85 51 26 25 102 63 11 105 4 69 4 5 4 45 10 10 83 20 13 37 52 23 83 75 70 85 43 40 3 84 68 99 7 98 54 6 6 54 23 75 2 13 15 15 73 36 14 66 106 54 57 4 31 6 77 85 62 3 7 2 32 99 59 5 5 33 28 13 57 3 37 28 15 3 119 84 70 18 74 77 74 119 12 91 83 30 58 7 2 4 36 70 35 61 7 20 4 60 6 33 17 83 28 25 3 22 76 39 2 84 31 19 7 69 16 2 5 84 7 98 5 4 14 80 23 8 6 57 3 2 59 77 5 7 13 32 3 2 6 21 61 3 35 7 8 38 5 5 91 10 4 4 4 114 80 108 7 34 7 35 78 23 52 71 66 7 64 65 19 35 7 34 5 95 68 89 4 28 32 67 4 56 18 5 16 44 86 29 33 5 37 95 82 38 97 8 76 2 3 89 10 60 69 57 107 30 5 67 5 4 73 66 72 6 21 72 21 3 69 2 74 25 53 5 63 29 6 70 3 5 61 92 43 21 74 11 2 93 94 6 100 84 84 84 2 4 81 3 55 75 6 29 68 59 6 2 18 29 3 7 3 8 33 7 67 74 21 3 6 6 75 7 3 11 5 3 5 104 20 42 11 93 55 36 66 99 89 87 23 23 97 71 2 61 118 67 90 8 86 64 16 3 54 17 7 39 4 7 73 95 7 2 7 3 5 87 2 4 8 99 8 80 6 5 72 90 73 20 4 45 77 4 111 38 33 2 51 21 34 7 50 91 34 6 31 3 6 5

The power demand of 400 tasks
20 11 17 18 1 19 1 2 1 20 1 1 9 12 9 2 2 1 2 21 3 19 1 22 1 3 11 1 3 8 2 9 3 8 3 14 3 25 3 8 8 2 2 11 17 3 13 19 8 1 1 7 13 16 10 3 16 10 9 14 1 12 1 2 3 25 7 5 14 6 5 4 17 8 11 13 18 22 15 10 3 15 21 13 1 17 16 3 3 13 8 20 3 7 6 8 12 10 5 9 14 9 15 2 7 1 20 26 10 1 1 1 9 28 10 1 3 4 8 3 18 3 6 9 7 3 24 20 19 6 11 17 17 11 4 18 10 7 12 1 1 2 4 22 10 14 3 8 3 11 2 5 4 11 7 10 1 4 14 8 2 14 6 10 2 26 6 2 2 18 2 10 2 1 9 8 3 3 2 23 2 1 14 19 3 3 5 8 2 3 1 6 15 2 8 3 2 5 2 1 14 8 3 1 1 26 11 17 2 9 2 6 17 7 11 12 12 3 14 9 5 9 2 8 1 16 15 16 2 6 3 10 2 10 5 2 4 15 10 10 10 1 8 9 13 7 18 2 28 2 2 11 8 17 15 10 13 10 2 23 1 2 12 16 11 1 7 19 7 1 16 2 10 6 17 1 20 7 1 22 3 1 14 8 30 9 9 4 1 14 9 2 9 19 24 12 2 1 17 1 24 17 3 9 12 14 1 1 9 6 2 1 2 1 9 1 9 15 9 1 1 3 18 3 2 6 1 2 1 23 5 13 3 13 10 6 17 10 14 11 5 7 13 17 3 8 16 15 13 1 14 13 9 2 10 4 2 7 1 1 16 8 2 3 1 1 2 10 3 3 3 19 2 20 2 1 11 20 12 8 3 20 17 1 19 5 4 2 19 10 9 3 15 29 9 1 4 3 2 1
