B=5	N=150	M=3	Cbw=4454	Cpw=1067

Modes
mode base_power
G 10
R 25
P 50

Task types
type name modes
1 enterprise_emergency G|R
2 maritime_airborne G|R|P
3 cellular_backhaul R|P
4 private_high_priority P

The bandwidth capacity of 5 beams
717 1051 1065 877 744

The power capacity of 5 beams
200 211 225 217 214

The type of 150 tasks
1 1 2 2 1 3 1 4 2 4 1 1 2 2 2 1 3 4 2 4 3 1 2 1 2 3 1 2 3 2 2 1 3 1 1 1 2 3 3 1 3 1 1 2 1 4 1 3 3 2 3 2 1 3 2 3 3 1 2 1 1 3 1 4 1 3 4 2 4 3 2 1 2 1 1 3 2 4 1 3 4 2 1 1 3 3 1 4 1 2 2 3 4 3 3 1 4 3 4 4 1 2 1 2 3 1 2 3 4 1 1 1 1 1 1 3 1 4 1 1 1 2 4 1 3 3 3 2 4 2 4 3 1 1 3 2 4 2 2 3 4 1 2 2 4 3 2 1 4 3

The profit of 150 tasks
49 22 118 81 47 142 37 321 71 221 22 25 81 75 81 49 178 268 68 216 125 36 75 44 67 119 51 68 177 65 66 56 102 25 20 43 99 161 109 51 128 48 42 72 44 204 43 143 138 65 162 97 39 133 85 117 182 43 104 40 40 106 30 297 32 101 195 85 350 179 82 40 82 58 36 119 86 181 39 186 195 69 36 36 193 161 44 267 36 52 100 135 188 163 101 40 286 191 274 340 37 62 45 67 186 56 88 150 271 37 59 35 50 53 57 115 36 295 26 51 51 56 202 30 136 180 133 53 204 112 307 165 24 59 181 89 260 90 113 154 303 22 64 119 332 193 52 25 213 189

The bandwidth demand of 150 tasks
4 2 35 36 5 76 5 84 31 100 7 8 16 17 37 4 66 52 19 115 88 6 19 4 29 56 7 17 80 24 21 8 54 3 8 7 31 82 90 4 78 3 8 21 5 63 7 58 90 11 56 25 2 91 33 70 74 2 18 6 4 73 6 47 3 69 86 21 48 89 39 6 22 3 8 74 38 76 5 61 44 22 3 6 98 97 7 71 3 17 35 86 80 59 75 5 108 90 55 58 3 26 3 36 91 6 25 59 77 5 6 4 3 2 6 85 4 110 3 5 6 28 94 3 60 98 82 35 114 37 101 50 3 3 53 23 63 27 31 84 105 3 30 37 53 82 29 7 91 73

The power demand of 150 tasks
1 2 8 9 2 12 3 24 4 23 1 2 3 8 4 3 17 24 7 14 10 1 9 1 5 17 3 4 19 4 7 1 9 2 2 2 9 16 11 3 19 3 3 9 1 22 2 12 11 10 9 8 1 14 8 16 13 1 3 2 1 10 1 21 1 17 26 4 10 12 4 2 9 1 2 8 4 12 1 14 25 4 3 2 19 17 1 15 3 6 10 9 10 15 13 3 13 18 27 24 2 8 2 8 12 1 4 13 11 1 3 3 1 2 1 18 1 10 2 2 3 7 30 1 20 11 8 9 22 6 25 20 2 2 15 10 14 6 3 14 23 3 6 7 12 8 4 1 23 8
