B=100	N=1000	M=3	Cbw=33452	Cpw=9388

Modes
mode base_power
G 10
R 25
P 50

Task types
type name modes
1 enterprise_emergency G|R
2 maritime_airborne G|R|P
3 cellular_backhaul R|P
4 private_high_priority P

The bandwidth capacity of 100 beams
396 258 253 333 362 405 357 281 337 256
360 351 410 344 392 403 367 256 335 318
326 261 380 304 299 364 336 283 349 413
314 363 418 282 382 342 347 295 281 286
364 413 395 372 274 367 259 326 394 282
272 317 289 266 373 410 413 299 316 282
262 293 262 298 368 324 400 327 308 383
291 383 255 344 264 392 377 376 389 407
298 286 379 348 400 391 255 326 313 379
364 314 347 357 253 379 285 407 299 287

The power capacity of 100 beams
89 87 114 91 117 75 101 71 78 100
86 109 94 113 107 100 72 111 75 82
107 84 117 87 105 117 83 116 99 77
102 84 87 112 91 81 83 103 79 116
108 113 75 78 75 84 76 87 105 86
73 109 94 103 74 90 79 71 117 113
85 77 74 85 91 92 95 80 97 108
109 90 108 109 78 73 115 110 94 88
79 81 78 101 104 104 71 86 86 79
101 115 104 90 107 99 117 92 116 108

The type of 1000 tasks
4 1 1 1 2 1 2 1 3 2 2 2 1 3 4 3 1 4 4 3 1 2 2 3 2 1 1 2 4 1 1 2 3 4 3 1 2 3 1 1 2 2 4 1 1 1 3 1 3 3 2 2 4 1 2 2 3 1 2 1 4 3 2 3 3 1 4 1 4 1 3 2 3 1 2 1 4 2 3 2 1 1 1 1 2 1 1 2 1 3 3 4 4 3 1 1 2 3 3 2 1 4 2 2 1 3 1 1 3 3 2 3 1 1 3 1 2 4 2 2 2 1 3 1 3 1 2 2 3 2 4 4 2 3 2 1 4 3 2 1 3 3 1 4 4 4 1 1 3 3 1 2 3 4 3 2 1 1 3 2 4 2 3 1 1 4 2 1 4 4 2 1 3 3 2 4 2 1 1 2 2 1 4 1 2 4 4 4 2 1 2 3 4 1 4 2 1 3 1 3 1 4 3 3 2 2 1 1 3 1 3 2 1 1 2 4 3 2 3 3 3 3 1 1 3 2 1 2 3 4 3 2 3 3 1 1 2 1 3 2 1 2 2 1 1 1 1 2 2 1 2 1 2 1 4 2 1 3 2 2 3 2 1 3 2 3 3 1 1 3 4 2 1 1 1 2 4 1 4 1 1 4 1 2 4 3 2 4 1 3 3 2 2 1 3 1 1 2 2 1 1 1 1 2 1 1 1 3 1 4 3 4 2 3 3 1 3 3 1 1 1 4 2 2 1 2 3 3 4 1 1 1 4 4 2 1 3 3 4 1 2 2 2 4 3 4 3 4 2 4 4 1 2 1 1 1 3 4 2 1 4 1 4 2 3 1 3 2 3 1 4 1 3 1 1 4 3 1 2 1 2 3 1 3 1 4 2 2 3 1 2 2 2 1 1 3 2 3 2 3 2 2 3 1 3 1 2 1 1 2 1 4 1 3 4 3 3 1 1 4 2 4 3 1 1 3 2 1 4 1 3 4 1 2 2 1 1 3 3 3 2 1 2 1 3 3 1 3 3 1 1 4 2 1 2 2 3 3 3 1 1 3 3 3 2 3 2 1 2 1 1 1 2 3 2 3 1 4 3 2 4 3 1 3 3 4 3 2 4 3 2 1 2 3 3 1 3 2 2 3 4 4 1 3 4 1 2 2 3 1 1 2 4 2 2 2 2 2 4 4 2 1 4 2 3 4 1 3 2 4 1 1 1 1 1 1 2 1 4 3 1 3 2 4 2 4 4 2 1 4 1 2 4 3 3 2 1 3 2 1 3 1 3 2 3 1 2 2 1 3 4 4 4 1 4 1 1 4 1 1 1 4 1 3 3 1 1 1 2 3 1 1 1 1 2 1 4 2 1 3 1 2 3 2 3 2 2 3 2 3 1 4 2 3 1 1 4 1 2 3 4 1 1 1 3 1 4 4 1 2 1 3 1 3 3 4 3 1 1 2 1 1 3 2 2 4 3 1 4 3 2 1 3 3 4 2 1 1 2 3 4 3 3 3 4 4 1 2 2 4 1 2 3 2 1 2 2 1 2 4 3 3 3 3 3 2 3 2 2 4 1 1 1 1 3 1 1 3 3 3 4 2 1 2 1 3 1 1 1 4 3 3 1 4 1 2 4 2 4 2 3 3 3 3 1 1 2 1 3 3 1 1 3 3 4 4 3 1 1 2 4 1 1 2 2 4 2 1 1 3 2 1 1 4 1 3 4 2 1 1 1 1 3 4 4 3 3 1 2 4 1 2 1 3 3 3 1 1 1 3 3 2 1 3 1 2 1 1 4 1 1 1 2 1 1 3 2 4 2 2 1 3 1 1 1 1 2 1 2 3 2 1 2 1 1 4 2 2 2 3 4 2 3 1 1 3 1 1 1 3 3 1 1 1 3 1 4 1 1 1 1 1 3 3 4 3 4 2 3 3 1 1 2 4 2 2 3 1 3 1 3 3 3 4 3 2 3 1 3 3 1 3 1 2 1 1 3 1 1 3 1 1 3 3 4 1 4 2 1 2 4 1 3 1 1 2 4 4 3 3 1 2 4 2 1 2 2 2 2 1 2 3 4 1 2 1 3 4 1 1 4 2 1 2 2 2 1 4 1 3 1 4 2 2 2 1 1 2 3 4 3 1 1 3 3 1 1 2 2 1 1 1 3 2 3 4 2 2 4 2 1 2 1 2 2 3 2 2 4 1 3 3 2 2 1 1 1 3 2 1 1 3 2 3 2 1 1 1 3 4 4 3 1 1 2 3 1 3 2 2

The profit of 1000 tasks
285 48 38 29 55 53 89 27 187 73 120 71 54 107 223 136 60 230 321 193 36 69 69 190 89 22 24 72 315 30 37 98 157 323 176 28 105 185 24 33 57 78 251 54 29 40 192 31 155 155 54 75 345 36 62 77 181 41 97 25 347 100 90 184 184 41 191 22 320 44 196 54 126 51 109 60 263 78 146 107 51 45 26 59 92 28 29 73 27 142 190 332 217 191 46 53 101 123 164 95 25 235 66 106 38 111 36 42 114 151 118 158 33 31 115 35 112 330 56 93 109 45 192 42 138 30 117 100 169 90 225 344 80 192 98 59 260 101 58 33 161 184 41 302 310 285 55 41 176 199 27 68 111 316 161 111 23 41 152 72 314 84 146 54 22 263 82 59 311 298 60 24 104 184 61 323 64 21 38 87 114 31 212 39 82 224 187 228 80 42 90 102 250 60 232 65 48 110 55 197 47 250 152 192 53 72 36 58 171 23 172 80 52 53 82 250 145 72 185 116 105 110 48 35 165 87 47 77 118 220 100 114 155 117 40 34 66 37 116 90 22 50 52 51 54 39 37 56 112 21 89 43 82 51 281 81 26 113 66 93 187 67 56 153 61 140 123 28 20 127 345 87 21 54 38 83 196 60 187 42 20 198 49 110 237 156 106 233 26 171 127 114 68 40 145 43 25 111 64 32 27 50 44 92 20 20 47 103 50 200 100 293 53 112 167 43 139 155 23 44 40 343 62 113 29 50 116 122 264 37 25 49 205 181 54 33 175 115 242 28 104 61 72 185 197 220 146 224 87 350 312 57 94 60 44 58 158 342 60 52 281 51 226 73 148 52 132 79 104 50 311 34 200 32 31 273 133 26 54 40 66 155 58 138 43 275 118 102 153 20 93 83 101 41 24 123 59 195 108 143 71 56 177 50 168 35 80 37 52 102 47 218 32 155 321 164 166 30 55 278 60 190 183 49 52 128 54 53 256 38 192 260 53 110 92 59 53 139 169 188 92 45 93 23 122 100 23 148 116 59 55 314 62 51 75 107 198 187 127 49 51 198 115 131 79 193 75 56 70 50 35 45 98 186 91 174 36 190 179 117 224 144 35 117 155 204 100 96 220 161 112 22 115 108 187 58 129 89 120 159 288 277 51 161 199 34 106 101 156 29 60 64 282 90 73 65 115 80 269 284 102 41 308 61 116 289 48 198 77 272 28 54 42 46 53 53 88 55 211 178 32 164 102 186 120 341 238 72 31 256 32 94 324 174 154 58 55 129 114 44 109 34 197 110 126 57 70 57 48 172 275 345 294 28 192 23 49 243 31 31 51 319 43 196 110 30 40 33 97 141 45 48 23 46 89 38 183 55 33 155 29 55 169 96 197 117 119 143 86 187 35 250 86 108 30 50 275 36 70 138 210 41 36 38 165 42 293 274 43 106 55 170 23 168 192 255 107 40 22 54 54 56 174 104 107 244 124 25 291 182 104 22 157 101 274 54 47 53 58 152 310 120 190 134 289 220 48 89 54 310 40 79 178 77 42 50 92 49 83 278 132 181 153 132 131 105 193 117 53 276 60 43 33 29 179 24 27 139 107 122 277 88 37 57 24 100 59 22 37 227 195 103 58 287 58 95 242 80 232 80 108 121 117 172 26 25 109 35 161 147 50 59 190 109 288 222 139 35 59 97 293 34 34 96 70 318 60 48 51 200 71 32 52 264 44 136 330 58 43 44 39 44 178 243 341 104 117 24 65 314 53 105 52 173 157 132 25 22 22 197 166 52 31 159 45 87 59 43 287 42 37 35 116 46 47 102 71 329 95 59 53 193 46 46 28 31 74 26 106 160 112 40 68 53 52 304 98 87 97 113 210 71 132 56 42 198 49 57 56 153 185 27 51 26 110 27 249 27 56 45 24 41 163 187 202 130 321 102 154 183 50 34 91 287 96 83 114 32 118 59 193 104 160 287 168 79 128 42 162 192 40 129 45 106 59 41 150 45 24 103 51 35 177 142 189 52 212 55 32 66 272 51 149 45 20 87 334 193 182 163 41 58 191 60 48 80 108 55 66 49 69 193 278 52 62 27 160 309 40 24 236 64 39 73 63 118 36 236 43 170 21 332 98 81 63 29 34 113 159 293 138 48 20 188 165 54 47 96 70 33 47 53 132 57 115 331 100 52 183 74 47 52 47 82 99 111 84 72 241 36 186 146 66 96 20 33 47 164 66 29 46 120 74 161 61 46 23 34 104 305 274 110 20 20 70 186 54 161 60 69

The bandwidth demand of 1000 tasks
78 2 3 4 35 5 23 5 87 39 24 12 4 66 72 97 3 109 72 72 5 19 22 83 22 7 7 36 57 6 4 16 77 79 99 5 31 73 5 3 17 26 41 7 8 6 60 2 99 52 38 15 64 4 22 12 68 6 31 8 118 77 16 70 80 7 111 3 49 5 66 39 60 5 37 6 68 20 61 25 3 2 5 6 20 4 7 33 5 79 75 107 100 76 6 2 30 78 58 26 2 119 19 25 3 77 8 6 78 81 24 99 2 7 68 6 36 78 11 36 19 4 68 3 70 4 15 27 52 36 110 54 24 56 18 8 60 80 23 4 60 93 8 53 61 47 4 6 70 53 4 40 82 49 74 23 7 6 75 30 88 20 94 5 4 93 21 4 86 74 23 4 69 92 28 117 29 5 8 11 11 4 48 3 10 75 106 65 33 6 33 90 50 5 75 12 6 80 4 88 6 75 75 78 12 31 5 4 94 4 91 23 4 5 30 66 95 28 63 72 77 78 2 3 85 33 6 10 74 62 72 13 80 80 4 5 15 4 88 17 2 17 24 7 4 4 7 37 20 5 33 4 33 5 86 19 4 76 19 18 61 25 3 79 31 86 59 3 3 66 62 22 5 7 7 24 53 7 96 8 4 54 3 35 75 91 16 79 7 56 86 29 31 5 72 7 2 20 39 5 2 3 3 28 6 2 5 73 3 103 95 88 13 85 59 4 82 93 6 2 5 74 24 26 4 31 98 69 94 8 7 8 67 91 38 4 57 58 95 8 23 17 25 72 95 102 95 95 33 73 85 4 33 8 6 3 51 52 36 8 111 7 107 35 86 4 91 23 54 4 119 6 94 7 4 60 58 3 37 6 25 61 4 66 8 68 17 22 58 6 31 40 21 2 5 76 26 59 23 62 10 35 95 2 75 5 39 6 3 15 6 54 4 69 107 82 52 3 6 67 28 91 77 3 7 59 40 6 69 2 66 64 6 31 25 3 5 76 84 54 23 5 13 6 96 83 4 80 55 5 5 117 35 7 25 17 84 74 84 3 8 76 59 82 33 82 20 6 29 5 3 6 18 82 26 98 5 74 95 19 85 64 3 92 55 105 71 13 56 52 28 7 31 75 100 3 94 21 20 87 108 111 8 74 69 6 11 23 75 2 4 21 69 33 19 10 37 12 107 104 35 7 102 27 74 84 7 91 37 93 8 8 5 7 3 6 21 4 99 69 8 96 20 75 28 48 92 36 2 87 6 26 89 73 78 22 5 76 25 7 71 5 78 36 63 4 31 16 8 93 110 77 104 5 98 3 6 62 4 4 4 51 5 92 79 3 7 2 30 75 7 4 4 4 28 6 80 26 7 51 4 11 71 19 68 21 22 83 13 78 5 85 22 88 5 4 63 4 37 71 65 8 3 3 83 5 57 100 6 27 4 89 4 65 97 74 80 2 2 31 8 5 97 27 25 90 58 5 66 81 10 4 81 96 101 29 6 6 11 96 46 64 81 97 116 59 4 36 16 120 5 17 80 25 3 35 37 2 27 74 69 81 83 60 88 21 99 33 32 49 3 4 5 3 62 2 6 82 67 57 111 15 3 21 4 92 5 7 5 76 62 99 2 105 4 10 89 24 95 27 94 87 51 91 2 2 34 8 72 76 4 6 88 51 61 54 72 5 7 21 118 6 6 38 14 114 19 2 7 90 12 4 8 65 6 95 119 22 8 8 5 6 93 48 114 81 74 6 33 107 6 18 3 62 78 70 3 8 7 90 83 17 6 97 7 38 8 5 92 7 8 5 12 7 8 90 23 90 26 25 7 70 4 7 5 7 40 3 15 70 12 3 28 2 3 43 29 26 30 59 56 19 58 7 7 97 5 4 7 75 68 6 7 8 52 6 99 4 3 7 7 4 60 61 75 78 90 37 80 64 7 2 19 96 18 36 59 4 78 5 51 92 60 69 92 24 76 8 72 75 5 100 4 34 4 3 93 5 5 55 3 4 64 78 111 3 84 14 7 32 108 5 63 6 6 23 95 110 55 73 6 15 76 19 4 35 13 28 16 6 18 75 77 2 35 6 53 75 5 5 83 22 3 38 28 18 8 89 4 84 4 108 39 28 28 6 2 14 72 111 94 3 5 67 76 4 4 30 13 2 7 6 51 26 97 50 33 34 92 23 7 32 7 33 27 65 39 16 105 3 58 76 31 21 4 4 7 64 31 7 8 54 32 88 36 5 7 7 69 107 65 82 7 5 20 58 6 78 18 18

The power demand of 1000 tasks
11 1 3 2 8 1 4 2 16 8 5 4 1 15 12 19 3 14 14 12 2 9 8 19 6 2 1 7 19 2 1 10 10 13 11 3 8 13 1 1 6 5 11 2 1 1 11 1 15 10 5 5 27 2 8 6 13 1 4 2 12 14 7 18 11 2 28 2 20 1 19 5 14 2 7 1 13 6 18 4 2 3 1 1 5 2 2 5 1 8 20 17 29 16 2 1 4 11 17 9 3 15 7 10 3 16 2 1 19 12 6 12 1 1 9 1 6 23 7 9 9 3 8 3 13 2 8 10 14 9 20 18 5 15 5 1 28 13 7 2 18 9 3 22 27 22 1 1 18 15 2 5 15 19 10 7 2 1 20 4 18 4 16 2 2 20 6 2 27 20 5 2 14 8 6 21 7 1 1 5 5 1 12 3 3 26 27 23 3 3 7 10 23 1 26 7 1 9 2 8 2 21 12 11 10 3 1 1 8 3 19 10 1 1 5 10 17 7 13 17 13 10 1 1 11 6 3 7 19 12 20 8 12 9 1 2 5 2 16 5 1 9 5 2 1 3 2 9 5 2 6 3 3 1 14 4 1 9 6 4 12 5 3 17 7 13 15 2 3 16 11 4 1 2 2 6 29 1 13 3 3 17 2 4 13 16 8 19 1 16 18 8 4 2 12 2 1 5 7 1 2 2 1 5 1 3 1 11 3 18 16 24 8 15 9 1 9 8 3 1 2 20 5 6 1 8 16 17 16 3 1 1 25 14 4 3 13 11 13 2 4 3 6 21 16 22 12 25 5 24 21 1 7 2 1 2 16 24 4 3 22 1 28 5 8 2 10 7 11 2 26 1 10 1 1 12 12 2 5 2 6 19 1 13 2 20 8 9 16 1 4 4 6 1 2 15 3 8 9 19 8 7 17 3 13 3 6 3 2 9 1 11 3 10 27 16 14 2 1 17 3 20 17 1 3 11 3 1 28 1 18 27 1 5 8 3 3 9 8 14 4 3 4 2 19 12 1 13 18 3 2 17 8 3 5 5 8 12 9 1 1 10 17 10 5 12 4 2 9 1 1 2 3 12 9 9 1 24 12 5 27 16 1 10 15 13 12 6 14 9 5 1 6 9 11 2 10 9 6 20 29 18 2 17 12 3 3 9 15 1 1 10 13 9 8 7 5 8 18 23 6 2 20 7 14 18 3 18 7 22 3 2 1 3 1 1 5 2 12 19 3 8 3 16 7 25 16 7 3 25 1 10 12 19 17 8 3 15 9 1 11 3 8 8 14 2 7 6 1 16 24 29 14 2 30 1 2 26 2 2 3 22 1 15 8 3 1 2 5 17 1 2 1 1 9 1 11 10 1 11 1 6 9 8 15 6 5 8 7 8 1 27 4 9 1 1 22 3 6 12 23 2 1 3 16 2 16 14 2 9 3 8 3 15 15 11 13 1 1 8 3 1 12 7 7 26 10 2 26 17 8 3 16 14 12 6 2 2 7 11 22 19 15 18 27 20 2 8 5 25 3 8 9 8 3 9 8 1 8 19 8 9 14 16 19 10 9 9 9 28 2 1 2 3 9 1 1 10 14 17 12 6 2 10 1 11 3 1 2 16 8 14 2 14 1 7 19 6 17 9 9 15 17 8 2 3 3 2 9 18 1 2 12 16 23 12 17 1 3 9 25 1 2 8 4 25 8 3 3 13 6 3 2 20 1 17 23 10 3 2 3 3 19 21 13 13 19 2 4 29 2 5 2 11 13 18 3 2 3 10 10 7 1 17 1 4 2 1 10 3 2 3 6 2 1 14 9 22 6 6 1 15 3 2 2 1 7 1 8 16 6 2 3 1 1 19 6 4 9 14 14 7 13 2 1 9 2 2 1 15 10 2 2 3 16 1 28 3 1 2 1 1 9 19 18 17 13 8 16 20 3 3 6 28 8 8 19 2 15 2 11 12 18 18 19 4 9 2 17 10 3 13 2 10 3 1 12 3 2 14 2 2 17 10 18 3 13 6 2 10 27 1 14 2 1 7 27 19 20 9 2 5 14 8 1 6 5 3 6 2 8 18 10 1 8 2 13 12 1 2 16 5 2 8 4 5 3 15 1 11 2 14 3 3 6 2 1 3 10 13 17 3 1 16 19 2 2 6 7 1 1 1 10 8 19 19 6 8 11 10 1 9 3 6 6 20 8 9 11 2 10 15 9 6 2 3 2 13 7 2 1 14 7 10 6 3 1 2 13 11 29 18 2 2 4 11 2 19 7 5
