B=50	N=1500	M=3	Cbw=43603	Cpw=10883

Modes
mode base_power
G 10
R 25
P 50

Task types
type name modes
1 enterprise_emergency G|R
2 maritime_airborne G|R|P
3 cellular_backhaul R|P
4 private_high_priority P

The bandwidth capacity of 50 beams
1066 1047 966 916 1042 792 900 1074 757 720
714 749 700 712 753 816 766 1069 964 896
937 1030 739 1030 941 871 858 855 763 647
989 985 893 825 937 1074 885 720 883 844
729 786 956 1022 675 908 769 1006 836 791

The power capacity of 50 beams
270 225 191 206 258 189 179 200 186 187
230 224 237 240 174 203 240 177 186 202
281 221 245 191 260 197 251 247 174 215
253 180 217 170 223 235 233 247 207 281
211 221 180 184 244 272 232 197 192 218

The type of 1500 tasks
1 1 2 3 1 1 1 1 1 1 2 3 3 3 1 2 4 1 2 3 2 3 4 3 4 4 1 4 2 2 2 1 4 1 3 1 2 1 2 2 1 4 2 3 2 4 1 1 2 1 3 2 1 3 3 1 1 3 1 1 1 1 1 1 3 1 2 1 2 2 2 2 1 1 2 2 3 1 3 4 1 1 4 2 1 1 2 1 1 1 1 3 4 2 1 1 4 3 1 3 4 1 2 3 3 2 3 3 1 4 1 3 1 2 2 3 2 2 4 2 4 3 2 3 1 1 1 1 1 3 1 3 3 2 4 2 2 1 1 1 4 2 2 3 4 2 2 2 1 2 3 1 2 2 2 2 2 1 3 2 1 1 3 2 3 3 1 2 3 1 4 1 1 2 1 2 2 1 2 1 1 3 2 2 1 2 3 1 4 1 3 3 2 4 3 3 3 1 3 1 4 1 1 2 1 1 4 3 2 1 1 3 1 2 2 2 1 1 2 1 1 3 4 3 1 3 2 2 1 1 1 4 3 3 3 1 1 2 2 4 4 4 1 1 1 4 3 3 1 1 1 4 3 4 3 1 1 2 4 1 1 2 4 1 3 4 1 3 2 1 1 2 2 1 3 2 1 3 1 1 4 2 3 1 3 4 1 2 4 3 3 4 4 3 3 4 3 1 1 1 1 4 1 1 3 4 3 2 3 2 2 2 2 1 2 4 4 2 1 3 3 1 1 4 3 1 4 4 1 1 1 3 1 1 2 3 1 3 3 1 1 1 3 2 1 3 4 2 4 4 2 2 1 4 1 3 2 1 4 2 3 1 3 4 2 1 2 3 1 4 2 1 3 3 2 1 4 1 2 3 1 1 3 1 1 2 4 2 3 3 2 2 4 4 1 3 3 4 4 1 3 1 2 4 3 3 2 4 2 1 2 1 1 1 2 3 1 1 2 1 1 2 1 1 2 2 1 1 2 2 4 4 1 3 1 2 3 1 3 3 4 1 2 2 1 2 2 1 3 1 2 1 3 3 4 3 3 2 1 2 4 4 1 1 1 1 2 1 2 3 1 2 1 4 2 1 2 2 1 2 2 2 2 4 2 1 3 2 4 1 4 1 1 2 1 1 4 1 1 2 3 1 1 3 4 1 3 1 1 4 4 4 2 1 2 2 1 1 2 1 3 4 2 4 2 2 2 1 3 2 1 3 1 3 2 3 2 4 3 3 4 2 1 4 3 1 4 1 3 2 1 2 3 3 1 3 3 3 2 1 1 3 4 3 1 2 4 1 1 3 3 1 4 2 1 2 1 1 2 4 4 2 4 2 1 3 1 3 4 1 1 2 3 3 4 1 3 1 3 2 2 2 1 1 2 1 4 4 3 1 3 2 1 3 3 2 1 3 4 2 1 4 1 1 3 4 3 3 3 2 3 1 1 1 4 3 1 1 4 4 1 1 3 3 3 1 3 3 2 4 1 3 1 1 2 4 1 2 3 3 4 3 3 3 3 1 4 1 1 1 1 3 3 3 1 2 1 1 3 2 3 2 1 1 3 4 1 4 2 2 1 1 1 1 1 4 1 4 1 3 2 2 3 3 2 2 3 3 4 2 3 4 4 3 1 4 2 1 1 4 1 3 1 2 1 1 1 2 4 3 2 4 1 1 3 1 1 1 2 2 1 2 4 3 4 2 1 4 1 4 2 1 1 2 1 2 2 3 2 4 2 1 1 2 3 1 2 1 1 1 2 1 2 2 3 1 3 1 3 4 3 3 1 2 2 1 3 4 1 1 3 3 3 4 4 2 3 3 1 1 3 3 1 3 2 1 1 1 3 4 1 2 3 1 4 2 1 1 2 1 1 2 3 2 2 1 1 3 3 1 2 2 2 1 1 3 1 1 2 1 3 4 3 1 3 2 3 4 3 3 4 1 2 1 4 3 1 2 1 4 3 4 2 3 3 3 2 4 4 1 1 3 1 3 2 1 3 2 3 1 3 1 1 4 4 2 2 3 1 2 3 4 1 1 3 2 1 4 1 2 1 1 4 1 1 2 3 1 4 1 2 1 1 1 2 3 4 3 1 3 1 3 2 2 4 2 1 4 3 1 1 2 2 2 3 1 1 2 1 2 1 1 4 4 1 2 1 3 2 2 3 4 2 2 1 2 3 1 2 1 4 2 3 1 3 1 2 1 4 3 3 1 2 4 4 4 2 2 3 2 3 2 3 3 1 4 4 3 3 1 1 1 2 1 2 3 1 3 1 2 1 1 1 1 1 4 2 3 3 1 4 1 3 2 2 1 1 3 2 2 1 1 4 2 1 2 3 3 3 4 2 2 4 2 4 3 3 4 1 4 1 1 1 1 1 3 1 3 1 1 4 1 1 4 3 1 2 2 1 3 2 4 2 3 3 1 4 1 3 3 3 4 1 4 1 4 1 1 1 2 2 1 2 1 1 3 1 3 4 2 3 3 3 3 1 4 2 1 1 1 3 1 3 4 3 2 1 3 3 3 2 4 1 1 2 1 4 1 3 2 4 2 2 4 3 1 2 1 2 1 1 3 3 2 3 1 4 3 2 1 2 3 2 4 3 2 2 2 2 1 1 3 2 4 2 3 1 2 4 3 1 1 1 3 1 2 1 2 3 1 2 1 2 2 1 1 1 2 1 1 1 1 2 2 1 3 4 1 2 1 1 1 3 2 2 4 2 2 1 3 2 2 4 1 4 2 2 2 2 1 4 2 1 2 4 4 4 2 1 3 2 1 3 2 1 2 3 1 3 1 1 3 4 3 1 3 3 3 1 4 1 1 3 2 3 1 2 3 4 3 2 3 3 3 1 3 4 2 3 3 3 2 2 1 3 1 2 1 2 2 2 3 1 3 2 3 3 1 2 2 2 3 4 1 1 3 2 2 1 2 2 1 4 2 3 1 2 1 3 1 2 3 3 2 1 3 4 4 3 1 4 2 3 3 1 1 1 1 1 2 3 3 2 3 4 1 1 4 3 4 4 4 3 3 3 1 3 2 3 3 3 3 3 4 3 3 2 1 1 4 3 1 1 4 3 1 2 1 2 2 1 1 4 1 2 3 1 1 4 2 3 3 3 1 1 3 4 2 1 3 1 3 3 2 4 1 1 2 4 3 1 2 3 2 3 3 1 2 3 1 3 2 4 2 4 1 1 4 3 1 3 4 2 3 4 1 3 4 1 2 1 3 4 4 3 1 1 4 3 3 2 2 3 1 4 4 2 1 3 3 3 3 2 1 2 1 1 3 4 4 4 2 2 1 3 2 1 1 3 3 3 2 3 2 2 4 1 4 1 1 3 2 2 3 3 2 1 1 1 2 2 3 1 1 1 1 2 2 2 1 1 2 1 2 1 1 3 3 3 2

The profit of 1500 tasks
33 42 66 125 41 33 46 31 31 45 116 167 100 183 51 100 201 59 50 123 96 198 209 115 180 346 23 318 66 56 97 37 228 26 169 53 51 37 88 78 44 249 70 101 65 288 30 21 114 42 105 73 49 170 141 42 41 191 37 33 54 44 43 24 188 27 106 24 91 102 109 88 41 57 102 96 159 36 190 348 50 22 312 89 31 47 108 37 51 24 35 167 246 81 35 60 329 162 42 133 192 51 56 153 124 73 111 120 37 193 49 104 50 95 54 126 97 68 304 63 253 124 71 190 55 33 22 60 38 172 48 186 172 50 255 58 90 44 47 56 342 116 83 135 301 56 106 111 21 88 142 38 54 70 69 88 98 34 171 66 55 53 158 97 103 180 41 96 119 41 330 58 56 95 42 72 115 42 68 41 51 194 79 74 24 120 186 54 180 53 189 175 111 248 103 117 166 41 127 35 253 44 43 90 40 51 282 106 113 38 22 197 56 95 111 56 32 23 63 49 42 115 337 196 27 141 51 55 31 42 44 197 195 183 112 50 38 58 107 180 233 214 54 48 54 321 154 177 49 46 59 187 114 209 164 20 27 96 279 39 23 110 257 54 176 326 22 167 52 44 23 88 59 24 115 65 31 167 35 41 300 80 146 22 156 196 25 82 294 146 192 280 341 185 146 203 169 32 29 44 26 199 48 35 179 255 128 120 149 89 80 106 54 55 64 293 246 65 32 179 151 43 47 275 126 52 294 225 43 41 23 124 29 38 84 173 45 149 135 42 35 59 200 101 28 139 237 77 284 209 106 89 27 305 35 103 60 54 325 66 105 37 194 212 71 34 83 132 54 244 65 51 167 147 99 26 312 58 61 184 58 57 109 52 33 53 236 69 176 172 57 63 313 300 23 173 166 292 248 43 187 58 53 213 191 189 109 330 56 25 117 48 32 25 115 179 28 25 64 26 37 105 27 51 88 108 29 49 83 113 278 275 59 116 37 70 129 45 121 114 274 56 115 69 30 69 90 51 131 20 61 60 175 124 342 105 103 59 34 108 238 194 41 35 21 45 69 34 84 167 35 58 37 333 68 37 52 107 35 93 81 76 65 304 59 34 133 72 256 38 265 21 30 117 60 27 312 25 39 117 152 35 52 117 245 51 158 28 58 257 315 270 93 22 61 102 57 23 69 27 153 324 102 263 71 61 80 28 179 103 32 148 34 117 89 171 98 292 113 194 298 91 40 300 169 34 228 42 188 90 23 106 173 173 48 153 124 175 68 31 53 104 322 168 44 73 335 33 21 194 102 48 207 95 20 51 22 36 56 264 278 105 287 99 48 135 42 175 293 38 46 52 126 186 257 43 158 46 106 88 58 84 40 35 69 48 261 278 105 30 125 65 30 194 173 52 48 108 189 76 34 347 59 46 128 195 190 134 153 82 174 39 28 44 218 140 34 57 260 223 23 54 108 178 120 56 106 185 65 270 27 163 22 55 88 338 55 99 130 115 206 121 149 197 175 60 183 44 40 42 42 112 200 158 45 78 48 21 167 100 128 74 20 53 194 279 50 300 115 85 57 46 50 39 22 230 35 191 20 162 104 66 186 111 95 118 113 123 189 76 181 278 268 109 60 255 86 60 22 265 24 184 36 115 31 32 51 95 194 168 74 343 47 50 156 58 37 56 102 73 52 104 205 172 282 83 55 205 60 296 105 48 48 53 50 120 53 113 68 251 112 37 48 80 181 51 109 22 26 38 88 58 51 83 108 59 122 42 126 241 115 101 45 63 93 55 195 309 49 20 178 172 115 190 307 117 191 107 60 26 129 136 42 148 84 24 38 30 134 309 43 87 144 45 307 80 48 43 61 57 38 78 125 113 69 40 49 118 101 49 60 58 77 36 31 143 33 42 115 25 172 208 161 60 120 92 123 287 126 183 321 44 89 29 242 159 35 89 31 195 129 269 56 194 154 110 58 249 267 35 34 114 51 123 87 23 126 102 190 29 126 44 38 296 239 69 76 151 46 109 193 262 58 54 171 100 38 183 55 65 41 25 216 38 58 66 133 49 250 50 78 34 55 39 113 158 314 185 40 108 24 199 52 94 247 51 27 229 190 33 38 53 83 65 172 60 53 74 51 66 51 32 329 346 41 103 59 157 115 67 118 280 109 110 57 64 153 55 52 28 244 51 180 48 115 49 94 33 335 123 167 42 93 295 205 287 50 119 184 74 150 75 150 174 48 204 256 114 145 34 27 53 115 20 52 191 20 186 31 70 48 53 39 33 59 194 88 163 113 37 276 40 182 107 95 21 59 101 94 102 53 49 203 52 26 86 197 151 183 252 50 65 193 99 217 136 117 259 22 207 42 53 23 24 44 101 26 108 27 35 329 44 41 256 171 21 89 73 20 122 90 298 63 151 164 25 215 45 163 154 148 248 20 279 50 296 46 43 28 108 81 59 106 48 48 163 24 123 281 106 102 145 109 184 23 221 77 60 36 24 178 35 179 264 175 78 45 101 120 161 104 227 56 22 66 55 255 27 130 81 210 57 102 347 191 35 84 51 84 29 45 130 135 101 111 29 193 186 117 42 53 178 62 279 135 54 92 67 80 60 33 159 63 233 109 187 37 104 232 128 42 53 57 101 41 79 52 117 164 24 118 32 68 89 50 27 20 94 48 57 29 38 111 84 41 186 264 25 117 56 43 45 118 54 119 192 91 68 50 109 108 53 298 53 338 101 57 96 109 23 260 58 38 103 230 224 212 72 36 104 60 40 174 62 45 107 171 60 117 42 56 156 207 172 54 190 124 145 51 280 35 25 141 108 136 40 103 194 227 181 53 176 101 109 40 129 261 53 125 109 175 88 64 43 197 48 102 45 114 64 93 148 42 136 74 165 124 20 56 116 79 182 300 57 39 143 60 81 55 70 50 49 287 93 139 36 73 50 118 34 106 150 127 53 44 165 254 271 107 54 266 61 154 112 42 29 58 50 41 107 181 128 69 186 286 51 55 189 172 201 182 350 125 200 134 39 114 64 144 161 131 181 192 233 146 157 90 28 32 184 156 28 25 316 117 33 116 32 99 54 41 43 341 45 89 102 21 48 218 96 103 177 172 20 46 128 249 77 51 127 55 125 187 104 210 46 46 103 205 131 57 100 152 108 163 120 36 72 199 43 178 77 259 61 257 41 35 329 177 51 187 320 84 156 223 33 121 317 34 112 42 108 318 329 113 25 37 180 179 184 76 70 123 47 196 336 89 27 154 177 160 184 114 49 79 51 57 152 348 339 288 93 74 30 158 66 31 55 134 149 161 76 161 114 109 349 46 302 51 39 186 95 107 131 172 66 36 31 54 71 99 196 41 60 48 37 104 93 68 23 23 54 58 84 47 57 120 134 100 72

The bandwidth demand of 1500 tasks
5 7 33 86 4 5 5 4 7 5 32 69 65 73 5 25 111 4 25 60 16 86 78 54 71 105 4 88 23 20 12 7 41 3 71 4 35 6 22 23 4 97 32 87 13 63 2 4 36 4 91 18 3 82 96 3 2 100 3 7 5 6 5 7 78 3 27 5 18 19 22 19 7 6 22 22 73 4 52 96 4 8 60 21 8 2 22 2 4 3 7 94 84 20 7 2 94 69 3 59 102 7 13 71 60 32 70 83 4 65 5 79 7 12 22 72 21 14 67 23 78 60 36 76 3 4 5 8 3 80 4 97 85 37 118 11 21 6 4 3 105 17 12 73 90 40 32 33 6 20 94 6 16 29 11 33 24 4 90 34 5 7 68 20 82 87 4 30 86 5 42 6 7 23 7 35 18 6 30 3 5 81 26 13 3 35 56 8 65 6 66 88 21 43 98 88 79 2 58 7 116 4 6 12 3 3 41 61 33 4 5 85 6 21 17 26 3 7 12 6 6 56 118 63 8 81 34 26 4 8 6 102 76 98 80 7 5 36 37 110 62 91 7 6 6 111 54 67 6 2 4 99 61 62 72 6 4 13 44 2 6 15 43 5 92 83 7 73 20 5 4 10 36 3 58 15 5 72 6 3 114 38 75 5 54 42 4 14 92 87 69 78 102 58 73 78 82 5 7 6 4 42 4 4 52 61 86 26 64 31 34 27 13 3 38 60 108 26 8 55 76 5 3 108 73 5 50 41 7 4 5 78 6 6 16 99 6 94 53 4 8 7 74 19 6 95 58 27 82 82 16 14 2 62 5 50 21 4 45 15 82 3 68 111 39 4 20 95 5 69 36 4 84 53 11 6 48 5 27 95 7 4 55 4 3 12 64 35 57 69 23 27 100 55 8 83 57 94 107 7 87 5 38 53 55 59 21 105 15 8 16 6 5 4 15 65 4 8 32 6 7 35 7 6 25 22 3 7 36 21 100 92 6 90 6 12 76 5 62 57 94 8 24 31 4 21 16 7 69 4 16 6 96 74 52 77 70 13 5 23 99 53 2 7 6 2 11 4 22 50 6 24 7 48 11 6 38 19 3 32 35 33 38 68 24 5 84 20 55 3 97 6 6 29 4 5 86 6 4 26 83 2 5 70 117 8 50 3 4 86 105 61 17 4 28 22 6 3 23 4 60 106 26 77 18 40 32 5 82 16 2 58 4 63 17 83 16 83 57 58 83 36 6 91 58 3 118 7 63 38 2 22 87 70 2 83 76 81 24 6 6 74 103 50 7 36 90 7 6 54 54 7 41 25 6 21 6 4 38 45 115 34 79 36 7 94 6 84 68 2 6 28 78 70 96 6 77 4 100 16 38 24 8 7 14 4 119 73 61 8 71 24 6 90 76 12 5 63 99 17 3 50 3 5 70 66 95 94 88 35 64 5 3 5 70 76 7 8 61 70 6 4 58 86 58 2 60 80 34 97 4 89 6 6 29 119 7 37 59 100 51 85 55 81 53 4 101 4 8 5 5 61 74 70 8 15 6 7 92 18 74 38 7 4 65 109 7 110 32 35 7 5 4 3 7 64 4 50 5 55 21 33 77 52 22 20 54 69 90 39 88 111 61 64 6 85 14 3 7 46 3 96 5 38 8 7 5 34 109 56 18 109 3 3 95 8 6 6 26 34 3 32 82 56 52 31 2 115 5 64 36 7 7 17 6 31 38 55 28 46 11 4 7 21 90 3 34 3 7 4 20 2 22 29 68 4 56 7 98 100 80 97 8 23 16 5 97 70 6 2 87 77 66 93 43 10 98 96 5 5 63 82 3 78 30 6 4 8 85 45 2 26 82 4 63 31 6 3 15 5 8 26 92 34 39 5 4 84 98 4 17 26 40 3 2 77 5 7 36 6 74 117 95 8 54 26 60 106 69 69 108 2 16 7 76 73 5 14 7 72 80 82 34 78 66 96 39 119 73 7 2 62 4 60 36 7 76 39 57 2 78 4 5 87 83 23 24 93 3 28 75 73 8 8 61 20 4 54 6 33 7 8 110 4 3 19 55 7 76 2 28 8 7 3 15 85 62 69 8 51 8 85 15 28 87 30 3 61 89 6 6 12 28 12 73 6 3 30 6 14 7 5 104 60 6 16 3 54 23 39 74 88 40 25 5 21 56 5 18 6 76 12 74 5 89 8 12 4 112 75 61 6 36 68 55 111 36 20 57 23 80 30 64 64 7 116 52 82 54 3 6 7 22 7 34 83 6 91 7 29 7 6 4 3 6 44 21 78 80 3 89 2 64 33 11 7 8 71 12 28 2 6 73 29 4 28 86 82 62 113 17 29 56 28 75 52 53 55 4 118 5 3 7 4 5 62 7 91 8 3 62 8 4 87 78 7 37 15 3 88 39 95 36 83 52 2 102 7 94 95 82 43 6 108 7 101 7 2 3 25 15 5 38 6 2 82 5 79 117 21 76 84 99 89 4 43 17 5 3 4 55 7 53 113 53 38 7 74 68 52 32 76 5 7 37 7 108 8 86 20 108 15 33 66 64 4 28 4 12 4 2 66 84 22 90 3 70 76 36 4 37 94 32 47 65 22 37 33 40 7 2 83 25 106 36 51 6 12 113 51 6 4 7 93 5 30 7 24 84 5 22 2 13 34 8 7 3 39 6 5 6 6 15 34 4 72 78 2 25 7 5 8 60 19 19 76 36 18 4 56 25 33 62 8 84 18 14 10 25 5 62 20 8 33 46 108 51 23 6 71 35 3 66 22 6 22 74 6 63 2 4 82 79 68 5 87 64 79 4 69 3 4 54 25 52 7 23 52 112 65 31 88 72 87 6 58 52 28 97 86 57 21 26 4 96 8 31 7 34 26 32 84 4 62 32 94 100 5 34 11 23 73 100 4 6 92 37 21 4 14 20 4 89 28 74 3 22 7 62 4 29 95 53 23 5 87 81 40 64 5 50 25 76 67 4 6 6 7 7 24 80 68 32 55 73 7 5 115 53 84 47 84 98 50 93 4 57 12 95 89 67 57 68 68 80 88 19 5 8 118 75 5 6 117 84 5 16 7 27 12 4 4 68 6 36 80 3 5 74 35 82 99 58 5 6 94 95 36 3 100 3 79 92 22 88 6 8 37 106 70 3 14 95 10 74 60 4 28 57 2 78 31 66 17 53 6 3 77 66 4 67 97 15 98 101 3 52 74 5 14 5 73 63 52 53 6 3 95 95 87 31 12 87 4 104 86 35 4 60 60 91 83 12 4 18 2 6 96 43 101 99 22 23 7 69 12 7 3 80 84 94 33 72 20 23 84 6 118 6 3 61 39 21 63 50 33 3 3 2 17 15 86 3 8 6 3 33 26 16 3 3 36 5 16 4 7 99 99 90 37

The power demand of 1500 tasks
2 1 6 11 2 1 1 2 2 3 6 19 15 12 3 7 23 2 6 15 5 9 19 11 29 29 3 27 5 8 5 1 29 2 16 2 7 3 3 8 2 16 7 13 4 21 1 2 6 2 14 7 1 15 9 2 1 14 2 2 2 3 1 1 16 1 4 2 9 10 8 8 2 1 4 5 8 2 20 12 2 2 29 6 2 2 9 2 1 1 1 20 28 8 3 2 14 14 1 16 14 1 5 18 14 6 17 8 2 18 1 18 3 10 3 19 6 5 11 6 26 15 9 14 3 1 3 1 2 8 1 10 12 10 15 5 3 1 1 1 15 5 4 11 10 6 10 8 2 6 20 3 9 7 4 5 4 2 16 3 2 1 12 4 10 11 1 7 13 3 26 3 2 4 2 9 10 2 8 1 3 16 10 8 2 4 20 1 27 1 13 18 7 14 20 10 19 1 19 1 18 2 3 4 1 1 30 15 5 3 1 14 1 10 4 8 1 2 9 2 2 9 23 12 1 18 9 5 1 1 3 24 14 9 19 3 1 10 8 30 15 12 1 1 1 15 12 15 1 1 1 12 9 24 18 1 2 10 15 3 2 7 23 3 18 11 2 16 8 3 2 5 6 1 14 9 3 18 1 2 19 9 20 1 10 20 2 5 14 14 20 20 21 10 16 22 10 2 3 3 1 20 1 2 14 21 19 4 15 8 10 6 3 1 4 15 29 9 1 12 12 2 2 17 13 1 16 22 1 3 1 19 1 1 8 14 1 14 12 2 1 2 19 3 1 14 11 7 20 24 8 6 1 28 3 18 4 1 15 4 13 1 13 21 3 3 7 11 1 23 5 1 12 10 7 3 23 1 5 19 2 2 17 2 2 5 21 6 12 18 9 7 22 26 2 14 13 21 23 3 17 1 4 13 16 17 9 24 4 1 4 2 2 2 4 10 3 3 6 3 2 4 3 1 10 8 1 1 9 9 13 12 3 10 2 7 11 2 20 12 14 2 9 4 3 6 5 2 18 2 7 2 20 12 17 9 10 5 2 7 16 29 2 3 2 2 8 2 7 15 3 8 1 18 8 1 8 9 1 7 10 9 9 27 7 3 12 7 24 3 21 1 1 5 2 1 20 2 2 10 12 1 1 16 21 2 17 2 1 14 21 12 8 1 10 9 3 2 8 1 18 26 6 11 4 4 8 3 13 6 1 9 2 17 7 13 9 30 15 10 15 7 2 17 14 2 24 2 16 5 1 10 19 16 1 11 14 13 7 1 2 19 18 12 3 7 19 1 2 19 19 2 24 4 2 7 1 1 6 23 29 8 21 9 1 14 3 10 16 3 1 4 13 9 13 2 13 3 17 6 5 8 1 2 5 1 25 18 16 2 16 6 3 12 15 7 1 17 27 8 1 21 1 2 9 29 19 15 13 5 10 3 3 2 28 18 1 1 22 15 2 1 15 17 16 1 18 16 8 18 1 15 2 2 3 17 2 4 20 16 26 17 10 9 16 1 25 1 2 3 2 18 19 17 2 9 2 2 15 6 9 10 1 3 17 23 2 23 4 6 2 2 2 1 2 13 2 23 2 16 4 7 13 9 4 7 16 16 14 6 15 18 20 12 3 16 6 1 1 18 1 17 1 5 2 1 1 5 24 11 4 19 2 2 11 2 1 2 3 4 2 6 11 12 21 10 1 26 3 22 7 2 3 9 1 9 7 10 3 15 6 1 2 10 9 1 8 1 2 2 3 2 10 8 14 3 11 1 9 26 19 9 1 5 9 1 11 25 3 2 20 18 11 12 27 8 19 12 1 3 10 14 3 13 4 1 2 2 14 14 2 5 9 1 19 6 2 2 8 2 1 3 17 7 10 3 1 17 13 1 8 5 9 2 2 18 1 1 7 1 10 11 19 1 13 6 12 21 12 17 20 3 6 1 26 14 2 8 3 16 12 18 8 11 20 10 10 27 29 1 1 20 3 10 3 3 19 6 16 2 18 2 2 19 15 4 10 19 2 7 19 14 2 1 13 5 1 28 3 4 1 1 29 3 1 10 18 1 22 2 5 3 1 1 5 20 15 11 1 10 2 14 9 3 24 5 3 19 14 3 2 6 4 7 16 3 2 7 2 9 3 2 25 22 2 7 2 11 7 5 13 24 8 4 1 10 18 1 5 2 14 5 19 1 10 3 4 1 28 17 9 1 5 20 15 29 6 8 9 6 9 7 20 12 1 21 21 13 12 1 1 3 4 2 6 10 1 9 1 8 1 3 3 3 2 21 4 10 10 1 17 1 13 10 6 1 3 16 7 6 2 2 24 4 1 7 18 17 17 17 5 7 16 8 28 19 9 29 1 26 1 2 3 1 3 16 1 16 1 1 29 1 2 11 10 3 9 4 1 16 4 24 9 17 9 3 12 3 19 18 15 28 1 13 1 27 1 2 3 6 8 1 7 2 2 12 2 18 20 4 18 9 14 20 1 18 6 1 2 1 19 1 17 22 8 3 3 9 16 16 8 11 2 1 6 1 15 1 9 8 11 6 6 28 15 3 5 1 10 2 1 19 16 8 8 3 13 13 6 2 6 18 7 13 20 9 4 3 8 2 2 14 5 30 3 14 1 6 19 14 2 1 2 9 2 5 2 7 17 1 3 2 6 8 1 2 2 5 3 1 2 2 3 9 3 11 21 2 8 2 1 1 11 4 8 16 5 6 1 16 4 4 19 1 28 3 4 4 8 1 24 7 2 5 28 14 22 10 1 11 7 2 12 4 3 6 10 1 20 1 1 10 17 10 2 15 20 12 2 15 1 2 20 5 11 2 6 8 16 14 6 17 12 12 2 10 29 4 17 8 14 4 5 2 11 3 7 1 9 10 7 12 1 8 4 19 17 1 6 4 10 13 20 2 1 10 10 10 2 4 5 1 20 8 19 2 7 2 17 1 7 16 16 6 1 8 24 17 18 2 22 9 14 13 1 1 3 3 2 7 15 19 7 13 26 2 1 16 18 23 12 20 18 15 15 3 16 5 14 14 13 10 15 27 18 19 7 1 2 17 19 3 1 13 14 3 4 1 7 5 1 1 24 2 10 15 2 1 25 9 19 11 15 2 2 8 28 9 1 15 1 14 14 6 26 2 1 7 14 13 1 4 17 7 8 9 2 8 16 3 14 4 15 5 17 1 2 28 12 3 11 19 7 18 15 1 19 13 1 7 1 8 29 11 18 3 2 18 16 16 6 8 16 1 21 27 4 3 9 17 18 11 4 2 9 1 2 14 18 13 14 4 4 1 19 7 1 2 19 13 19 7 17 4 7 18 1 15 2 2 14 9 7 15 11 7 1 1 2 7 6 19 1 3 2 1 8 4 8 2 3 6 3 5 3 2 19 18 10 4
