B=20	N=400	M=3	Cbw=12561	Cpw=3210

Modes
mode base_power
G 10
R 25
P 50

Task types
type name modes
1 enterprise_emergency G|R
2 maritime_airborne G|R|P
3 cellular_backhaul R|P
4 private_high_priority P

The bandwidth capacity of 20 beams
590 741 601 658 657 460 695 726 605 613
572 742 570 579 677 483 622 728 501 741

The power capacity of 20 beams
152 181 137 139 157 141 150 133 140 142
148 160 147 179 215 149 215 187 140 198

The type of 400 tasks
1 3 2 2 3 3 1 2 1 3 3 1 1 3 4 2 1 2 1 4 1 3 2 4 2 2 3 1 3 1 1 1 3 2 3 2 4 1 1 3 1 1 3 1 2 3 3 1 2 4 3 1 1 3 2 2 3 3 2 1 3 2 1 2 4 3 1 1 1 3 3 4 1 3 1 1 3 1 1 1 1 1 4 2 2 4 1 1 1 3 3 2 1 2 3 3 1 3 1 2 1 1 2 1 1 1 3 1 1 3 4 4 2 1 3 2 2 3 2 1 4 3 1 2 1 4 3 2 1 3 1 2 2 3 1 3 2 3 1 3 2 4 1 4 3 1 1 3 3 3 2 4 4 1 2 1 1 3 3 4 3 4 4 2 3 2 3 2 2 4 1 1 3 1 1 3 2 4 2 3 4 1 2 4 3 2 2 3 1 2 4 3 3 4 1 1 4 3 2 4 4 2 3 1 1 2 3 1 2 3 1 1 4 3 3 3 3 1 2 1 2 1 1 1 1 2 4 4 3 3 4 4 3 4 3 3 3 2 1 1 1 2 2 2 1 1 1 1 3 1 1 1 2 1 1 3 1 3 1 3 2 2 3 2 4 3 1 4 1 1 4 4 3 1 2 2 1 2 2 1 1 3 4 1 1 3 4 1 3 1 1 1 1 2 2 2 4 2 1 2 3 1 3 2 3 1 2 1 1 4 3 1 4 4 2 2 4 4 4 2 1 4 3 3 1 1 2 4 2 1 2 2 1 4 4 3 1 4 2 4 1 2 3 1 1 2 1 3 2 1 1 3 1 2 1 1 2 1 1 2 2 2 3 2 4 2 3 3 2 1 1 3 2 2 1 1 4 2 2 1 2 2 3 1 3 3 4 3 3 2 4 2 4 1 2 1 1 1 4 2

The profit of 400 tasks
48 160 79 78 157 187 55 61 43 115 102 29 29 101 284 81 22 70 23 242 41 173 82 271 55 110 189 57 178 36 29 36 195 109 111 84 273 52 35 198 22 43 168 33 71 104 128 44 117 277 131 34 40 144 111 70 155 192 63 44 193 87 46 57 255 132 58 37 52 108 180 273 38 185 37 50 137 22 28 33 40 37 221 71 65 349 42 20 28 145 103 77 34 94 139 122 49 136 43 64 50 60 56 25 55 30 113 43 32 104 282 278 61 55 119 72 75 127 88 24 333 138 30 60 38 273 114 99 57 146 28 96 88 185 55 107 54 139 43 146 80 276 45 186 154 36 25 167 193 169 57 273 296 47 110 57 48 187 195 277 101 314 311 66 162 93 120 55 64 253 30 40 185 53 51 186 66 243 81 187 278 22 78 228 104 116 79 147 43 116 291 149 118 252 37 52 243 108 107 350 191 60 148 34 40 97 104 58 57 148 52 27 347 192 116 188 109 55 54 27 61 35 33 55 54 102 234 209 107 148 312 188 165 312 135 145 128 53 37 51 31 67 65 55 37 44 40 41 161 50 30 24 79 45 48 197 57 173 42 162 109 79 101 119 237 114 35 286 41 54 346 301 171 50 83 102 41 73 55 60 34 117 192 20 48 130 272 37 172 48 36 53 57 54 108 74 229 62 37 76 176 39 146 108 189 33 69 25 34 273 112 57 311 183 56 80 243 192 231 81 54 204 114 131 48 36 98 287 115 27 112 61 24 219 241 195 45 317 87 201 52 56 114 27 59 80 23 120 115 36 26 112 50 53 59 46 104 26 48 106 51 111 105 67 337 103 105 131 118 43 32 140 96 53 37 49 211 106 114 29 66 52 132 28 127 118 193 148 150 102 334 113 314 36 56 58 37 28 265 65

The bandwidth demand of 400 tasks
7 90 28 27 75 78 6 25 5 88 74 7 2 65 73 38 8 18 3 48 7 72 29 97 17 30 55 8 100 4 6 4 60 13 51 21 40 8 3 89 3 3 90 5 26 95 81 5 27 98 91 7 6 53 32 16 87 80 23 6 69 15 7 31 107 97 7 8 6 63 63 81 5 71 5 6 57 3 6 5 6 6 66 16 21 78 5 7 3 97 58 17 8 34 62 63 4 75 8 12 6 7 36 5 6 6 82 4 4 68 79 62 25 3 56 39 23 86 40 4 72 94 8 35 7 63 69 38 6 71 2 22 40 77 2 98 27 95 3 97 29 105 7 45 77 8 5 91 85 50 23 57 100 3 24 8 4 92 77 96 67 118 42 36 82 14 55 36 34 68 7 3 52 7 3 97 38 89 19 54 109 7 23 80 96 10 37 80 8 14 107 73 70 49 5 7 57 56 17 91 99 37 52 7 7 11 82 6 22 51 5 8 62 54 51 78 91 8 36 4 37 5 4 6 4 19 49 100 78 57 115 52 92 88 53 98 86 17 6 5 5 32 33 20 4 3 4 6 57 7 7 8 31 4 3 99 8 89 7 63 40 10 59 24 104 75 2 79 6 7 83 113 75 6 12 19 7 27 10 5 4 85 65 5 6 79 118 5 90 4 5 5 4 35 19 26 78 38 2 34 85 3 66 18 95 5 27 4 5 69 97 7 85 45 36 15 46 105 81 29 5 108 88 73 3 3 37 120 18 4 29 35 2 104 94 60 4 76 12 109 5 11 73 5 7 21 7 92 16 7 5 79 7 14 4 4 18 7 4 37 17 36 51 22 67 15 54 84 29 3 4 88 40 34 3 6 58 37 32 3 12 28 94 7 71 94 111 94 69 39 44 17 41 3 19 4 7 5 62 24

The power demand of 400 tasks
2 16 4 8 15 12 3 9 2 14 15 1 1 19 25 10 2 7 1 23 3 16 10 21 10 9 17 2 9 2 2 3 11 5 16 9 18 2 2 17 2 1 13 2 8 12 20 2 5 30 9 3 2 10 4 5 10 10 8 3 13 10 1 7 22 16 2 1 3 8 18 12 2 9 1 2 15 3 2 3 1 2 17 7 8 12 2 2 1 10 14 3 3 4 12 18 2 10 2 7 2 2 7 1 1 1 15 3 2 20 20 17 6 1 17 9 9 15 9 1 20 17 1 5 2 13 13 4 1 10 1 4 9 11 2 19 7 17 3 18 8 29 1 28 8 2 2 14 13 17 9 26 17 1 6 2 1 17 18 16 10 29 20 8 11 5 10 4 4 17 2 2 9 1 3 10 10 19 8 20 28 1 4 27 12 6 5 15 1 8 15 11 10 21 3 2 11 14 8 16 27 4 14 3 1 8 10 1 7 9 1 1 12 8 18 16 14 3 7 2 8 1 3 1 3 5 14 14 9 10 30 20 9 23 19 14 13 7 2 2 3 7 8 3 3 2 3 3 15 2 3 3 9 2 1 19 2 16 1 18 4 7 15 4 12 14 1 29 1 2 24 19 19 1 8 9 1 8 10 3 1 12 28 1 3 11 16 1 16 2 2 1 1 7 6 8 11 7 2 4 8 2 10 6 13 1 7 1 1 23 10 2 20 28 4 9 22 22 15 7 3 25 11 11 2 1 10 16 7 1 4 4 2 30 27 19 2 11 8 13 3 5 9 2 1 5 2 13 5 1 1 9 2 6 3 2 4 3 3 9 7 5 20 9 11 5 19 15 4 3 2 15 7 4 2 1 13 8 7 3 9 9 10 2 16 16 25 16 17 9 16 7 23 2 6 2 2 1 19 3
