B=100	N=2000	M=3	Cbw=62074	Cpw=15966

Modes
mode base_power
G 10
R 25
P 50

Task types
type name modes
1 enterprise_emergency G|R
2 maritime_airborne G|R|P
3 cellular_backhaul R|P
4 private_high_priority P

The bandwidth capacity of 100 beams
590 714 638 699 682 650 474 612 502 589
618 568 677 599 657 496 522 684 544 746
502 695 488 584 579 715 675 713 718 738
612 486 721 493 681 615 603 687 556 486
588 716 697 656 619 593 517 726 756 665
504 685 730 498 613 741 587 640 572 714
475 540 618 531 638 720 586 759 667 719
489 663 755 523 497 552 492 740 681 647
742 725 579 491 569 655 729 656 658 579
685 670 492 671 570 562 600 622 537 565

The power capacity of 100 beams
160 187 169 161 150 190 190 152 162 132
196 164 136 123 128 181 197 194 170 155
168 172 180 180 175 168 167 198 129 166
199 151 121 127 128 123 184 148 144 198
189 158 153 126 158 196 169 160 155 155
155 122 178 193 128 192 163 159 147 126
145 201 163 148 193 165 123 165 124 140
137 192 174 130 158 165 179 163 151 128
171 154 133 132 149 138 198 170 126 166
132 148 129 192 165 155 159 180 141 179

The type of 2000 tasks
3 1 4 1 1 2 1 3 1 1 3 4 1 3 1 2 4 3 4 1 1 3 4 4 2 3 2 3 3 3 4 1 2 3 1 3 3 3 1 1 3 3 2 4 4 1 2 4 1 3 2 4 2 3 3 1 3 1 2 1 4 3 4 3 3 2 1 2 2 1 4 1 1 1 4 1 3 1 4 2 4 2 1 4 3 3 1 3 1 1 3 1 3 1 3 1 3 2 3 1 2 3 3 3 4 1 3 1 1 4 3 1 3 3 1 1 1 2 3 3 1 2 2 3 1 3 3 1 1 1 4 3 3 2 4 2 1 3 2 4 4 1 3 1 3 2 3 1 1 1 2 1 1 1 3 1 4 3 3 3 3 2 2 4 2 1 2 1 3 1 2 1 4 2 3 2 2 4 1 4 4 4 1 4 2 1 2 1 3 2 1 1 4 1 1 1 1 1 3 1 3 1 4 3 1 1 1 3 1 4 4 1 1 1 3 3 2 2 4 2 2 1 2 1 1 2 1 3 4 2 2 3 1 1 1 3 3 3 1 3 3 4 1 3 1 1 1 4 4 3 1 3 3 1 1 1 2 4 1 3 4 4 3 1 3 2 3 2 1 2 4 3 1 1 1 3 3 1 1 4 4 1 1 2 4 4 3 3 2 4 2 1 3 1 2 2 1 4 2 1 3 2 1 2 3 1 2 2 1 3 3 1 3 3 1 1 2 1 2 1 3 2 3 4 3 1 2 4 2 1 2 2 2 4 1 1 1 1 2 1 4 3 2 1 2 1 2 1 2 2 1 2 2 3 2 2 4 2 4 4 4 2 1 2 3 1 3 1 2 1 3 2 1 2 1 1 1 1 1 1 4 1 2 1 2 4 1 1 4 2 2 1 1 3 3 1 2 1 3 2 2 1 1 3 1 3 3 1 1 3 2 3 3 1 1 3 1 3 1 4 3 1 4 3 2 3 3 2 4 1 2 2 1 4 3 1 3 2 4 3 1 3 3 2 1 4 2 3 4 3 2 3 3 1 2 2 1 3 1 3 1 2 1 1 2 1 1 2 2 1 2 3 4 4 3 1 2 1 1 1 3 4 2 4 3 2 1 3 2 2 4 2 2 4 1 3 2 3 4 1 4 4 2 4 1 2 2 3 4 1 3 4 3 2 1 3 3 1 3 2 1 4 3 2 2 2 2 2 2 1 4 1 1 2 1 2 4 4 3 4 2 2 2 4 2 1 4 3 1 4 3 1 2 2 1 1 4 2 1 1 2 1 3 1 3 1 4 2 1 1 3 2 2 2 3 2 2 3 1 1 2 1 1 3 1 1 4 1 2 1 3 3 1 4 1 2 4 1 4 1 2 2 1 4 1 3 1 1 1 4 3 1 1 1 4 4 1 2 1 1 3 1 4 1 2 2 2 2 3 3 2 2 2 2 2 3 1 1 1 2 3 2 4 1 1 3 1 3 3 2 2 2 4 3 1 1 2 2 3 1 2 2 3 2 4 2 1 4 4 2 3 3 4 2 1 1 3 3 1 3 3 1 3 4 1 1 4 2 1 4 2 1 3 2 2 2 3 2 3 3 1 1 1 4 1 3 1 3 3 2 3 2 1 3 3 2 2 3 1 1 1 1 1 1 3 2 1 2 3 1 3 3 1 3 3 1 1 1 2 2 4 1 1 1 2 1 1 2 1 4 1 1 4 3 1 1 3 3 3 2 1 2 1 2 4 2 1 1 3 1 1 4 2 2 2 2 1 1 3 1 2 1 1 1 4 3 1 3 1 1 4 3 1 2 2 1 3 1 1 3 1 2 4 3 4 2 3 1 3 1 4 2 2 3 2 3 1 1 4 3 1 2 2 3 3 2 3 3 1 4 1 1 3 2 2 1 2 4 2 4 2 1 2 3 1 4 3 2 1 3 3 3 3 1 1 1 1 2 1 3 3 3 1 1 4 1 1 1 1 1 4 1 3 1 1 2 3 1 1 3 1 1 4 3 1 3 3 1 3 1 2 3 1 3 1 1 2 2 3 2 2 2 4 2 3 1 1 2 1 3 1 3 1 2 1 2 2 3 1 2 2 3 2 2 2 1 2 3 3 1 2 2 3 2 3 1 3 4 3 4 2 1 3 4 1 3 2 4 3 2 2 4 3 2 3 1 1 1 2 1 3 1 4 2 4 4 3 1 4 4 3 3 4 1 1 3 1 1 3 4 2 4 1 1 2 3 1 1 4 2 2 4 3 1 2 3 1 2 3 1 2 3 4 1 2 3 1 3 4 2 1 1 4 3 2 2 1 3 1 1 1 3 4 1 4 1 1 2 2 2 4 3 1 1 4 1 3 2 1 3 4 1 1 3 3 2 1 1 4 2 1 2 4 4 1 2 1 4 2 3 2 1 1 4 1 1 3 2 1 2 1 1 1 2 1 1 2 1 1 1 1 2 4 1 1 1 3 1 3 4 1 2 1 1 4 4 1 4 4 4 1 1 1 1 4 2 4 4 3 1 1 1 3 1 1 2 3 3 3 4 1 3 4 1 3 1 2 4 2 2 2 3 4 2 1 2 3 1 1 2 3 4 1 1 1 2 1 2 3 1 2 4 4 3 2 1 1 2 2 2 1 3 2 1 3 1 1 1 1 2 3 2 1 1 3 2 1 4 1 3 2 4 3 1 2 3 3 3 1 2 1 4 1 4 4 4 1 2 2 2 1 2 3 1 1 2 2 1 1 2 1 1 4 2 1 1 3 2 1 1 4 1 3 4 1 1 3 2 2 1 1 1 3 3 2 1 2 3 2 1 1 4 2 1 2 3 2 3 1 1 3 1 3 3 1 3 3 3 4 2 1 1 3 1 2 3 1 3 2 1 1 3 3 4 1 2 2 1 1 2 3 2 2 1 4 2 1 3 3 3 4 1 2 2 1 3 2 2 1 2 4 1 3 3 2 2 1 1 4 4 2 1 1 3 4 3 2 4 1 3 3 1 2 3 2 3 3 1 1 3 2 4 4 2 3 3 3 1 2 1 2 1 3 1 3 3 1 3 1 2 1 4 2 4 1 3 2 3 2 3 1 4 2 2 3 2 3 4 1 3 2 1 3 2 2 3 3 4 3 3 1 2 2 1 1 2 3 3 3 2 1 1 3 3 1 1 2 1 2 4 4 4 2 2 3 3 1 2 4 4 3 4 3 3 3 1 2 3 3 3 1 3 1 4 1 4 4 1 2 1 2 2 2 2 1 4 1 3 4 2 1 3 2 1 3 2 1 2 2 3 1 1 1 1 2 3 1 4 3 3 2 1 4 2 2 1 2 4 4 1 3 1 3 1 1 3 1 2 4 4 4 2 3 2 1 3 3 1 1 1 3 4 3 3 3 3 4 3 4 1 3 1 3 2 2 2 3 4 3 2 1 1 2 1 2 3 3 1 1 2 3 1 3 2 3 1 1 4 3 1 2 2 4 1 2 3 1 3 1 2 1 4 1 2 3 3 2 4 4 2 1 3 4 3 1 3 2 4 1 1 4 4 2 2 4 3 1 1 2 1 2 1 4 1 2 3 1 2 2 1 1 4 3 1 3 4 1 2 1 1 2 4 2 4 2 2 1 3 1 2 1 3 1 4 1 1 2 2 1 4 2 2 3 2 1 4 4 1 3 2 2 2 1 2 1 1 1 1 2 2 3 1 4 2 2 3 3 4 3 1 3 3 1 4 2 2 3 1 3 4 4 1 2 3 1 2 3 1 2 3 1 1 2 2 2 1 1 1 1 3 1 4 3 1 3 4 1 1 1 2 1 1 2 1 1 1 2 4 4 3 2 3 2 1 3 4 2 1 1 2 1 4 3 1 1 2 4 1 4 3 1 4 4 1 2 3 2 3 1 2 2 2 3 2 4 3 2 2 4 2 2 1 1 1 1 2 4 3 4 4 1 1 3 3 4 2 4 1 1 3 3 1 1 3 4 1 3 1 2 3 4 3 1 3 1 3 2 1 1 4 4 1 3 2 4 2 1 3 1 4 3 2 3 1 2 1 4 1 3 4 1 1 4 4 4 1 1 3 2 1 3 3 4 1 1 1 2 3 2 3 3 1 4 2 4 1 4 3 1 4 4 1 1 2 1 2 3 1 1 2 2 1 3 2 2 2 1 3 1 1 2 2 1 3 4 1 1 2 4 1 2 4 1 3 3 2 2 3 4 3 3 2 1 3 1 2 1 2 3 1 3 2 2 2 2 2 3 3 1 3 3 3 3 2 4 3 2 4 3 2 1 3 3 1 4 3 1 3 2 4 4 3 2 3 3 2 2 4 1 2 2 3 4 3 2 3 3 4 3 1 1 4 2 3 4 1 2 2 3 3 1 2 3 1 3 3 3 2 3 1 2 2 2 3 1 1 1 3 3 2 1 1 2 3 2 3 2 3 4 1 1 2 2 1 1 1 1 1 1 2 3 1 2 1 2 2 1 1 4 1 3 4 2 1 4 1 4 1 3 2 1 3 4 1 3 1 3 2 1 1

The profit of 2000 tasks
117 23 214 21 55 61 36 129 23 37 180 335 39 110 48 90 332 107 217 38 56 139 180 235 116 154 65 134 194 162 246 40 112 182 36 154 197 178 20 31 132 176 63 278 297 46 60 226 31 146 112 267 65 186 105 57 104 59 114 46 224 195 212 137 142 56 33 70 61 44 217 60 55 54 343 22 135 45 268 75 334 60 55 262 199 101 59 184 24 39 161 56 166 56 106 58 160 84 101 51 61 113 192 169 268 37 111 36 25 313 102 42 176 163 31 36 31 99 172 118 38 115 113 125 47 162 143 52 25 22 328 146 101 90 235 113 25 105 71 320 336 45 192 28 184 59 144 45 30 38 87 33 50 47 193 26 191 190 185 129 164 64 116 270 91 44 112 41 120 52 114 45 269 118 111 92 91 268 20 250 187 306 32 190 89 39 68 35 179 107 59 42 320 37 52 25 42 38 128 20 171 28 247 152 57 50 43 182 54 227 239 30 46 31 123 189 67 105 321 77 56 54 80 48 39 55 33 182 308 112 114 197 22 49 45 156 134 170 57 170 149 296 47 140 42 29 22 199 322 168 42 173 193 31 25 44 87 230 24 107 272 183 197 42 170 95 119 71 47 112 303 124 20 49 33 191 101 59 52 349 231 27 33 93 287 253 186 117 53 225 97 51 173 39 108 65 56 314 94 55 193 53 54 110 190 24 71 96 46 112 149 52 157 116 52 56 95 39 108 47 132 94 146 271 130 40 86 222 114 53 53 105 80 260 25 22 33 55 92 44 241 164 96 28 58 55 113 39 80 97 23 59 57 183 91 68 237 63 199 314 221 85 56 103 133 44 198 57 119 60 150 65 27 97 32 43 60 28 40 37 293 46 82 44 54 309 46 21 266 60 67 24 31 137 133 24 87 29 165 71 72 57 37 128 45 159 195 48 26 170 55 122 121 56 30 132 35 144 46 304 185 39 236 113 92 194 160 92 342 51 109 106 41 263 159 25 146 72 285 125 43 153 177 58 21 257 80 149 348 129 89 140 147 36 83 110 51 149 55 110 46 69 58 55 110 33 26 116 91 28 52 122 316 207 188 58 66 34 44 34 135 338 84 250 132 54 51 148 81 57 339 64 112 348 46 199 102 154 327 46 199 205 104 336 45 114 82 100 306 36 132 192 135 69 44 169 169 56 131 107 23 326 117 65 75 82 69 109 91 27 327 23 47 91 60 65 309 227 140 337 90 101 70 259 106 52 324 165 29 244 191 28 92 108 56 33 265 81 29 34 95 53 127 25 107 51 271 50 23 43 173 117 91 74 197 72 75 103 27 37 52 37 45 154 25 44 334 35 72 31 199 108 55 327 43 106 276 29 203 49 84 60 50 290 51 142 47 49 57 215 135 34 53 24 247 343 20 76 51 59 152 34 321 35 102 72 100 115 108 153 69 96 111 109 86 136 50 58 48 93 145 101 268 53 20 139 37 176 113 55 63 83 344 157 24 41 113 94 149 42 61 60 156 88 291 108 31 315 187 74 120 107 329 89 48 31 128 198 48 156 110 43 171 207 60 36 327 76 40 248 96 40 130 52 61 105 188 105 198 111 49 52 39 232 46 190 41 100 146 92 141 57 56 199 181 81 69 178 31 57 49 48 54 27 195 96 51 62 109 53 195 197 50 184 124 36 44 59 114 64 280 35 40 21 114 31 27 83 52 186 36 56 336 136 24 28 141 103 133 114 49 96 26 61 326 103 22 42 105 38 36 190 50 67 88 59 57 37 114 53 86 31 35 35 235 163 28 142 58 44 225 131 57 54 65 29 129 51 57 141 30 107 316 145 316 82 130 53 129 30 198 116 75 129 107 156 31 44 199 166 25 63 119 152 186 54 185 114 24 334 52 23 100 80 73 23 60 238 112 194 92 20 94 115 48 206 198 116 37 104 183 186 137 45 38 30 39 63 48 185 140 157 52 23 252 57 42 30 23 45 183 48 148 31 24 56 120 28 32 130 25 21 350 180 44 174 138 31 154 26 62 120 56 102 26 38 98 117 137 112 95 59 189 65 147 42 58 72 32 145 41 163 32 81 20 65 98 184 55 114 114 195 66 103 55 45 93 113 102 57 88 93 178 107 172 37 118 237 121 190 78 28 165 346 46 186 74 340 198 74 102 319 143 92 114 59 22 44 76 55 155 45 336 116 188 341 124 60 212 283 200 124 283 53 38 184 37 22 154 340 120 288 34 44 103 103 27 44 210 101 61 182 114 59 53 140 47 97 142 41 78 158 286 43 93 154 20 167 271 75 54 32 209 151 66 73 20 136 33 27 33 135 202 30 271 50 23 110 79 52 325 127 36 55 269 57 116 89 20 114 332 25 59 194 117 96 58 59 263 54 27 93 290 307 37 119 59 341 56 108 112 51 30 323 30 29 111 102 49 102 39 35 26 70 41 23 88 23 44 43 32 72 343 28 23 43 113 30 178 322 21 58 31 42 275 248 57 320 217 332 58 59 22 49 203 84 204 208 168 59 35 58 156 43 46 86 171 193 101 190 42 151 299 33 139 40 101 265 73 65 88 187 224 52 40 61 110 44 53 94 116 256 35 56 41 58 21 61 184 39 60 203 242 189 75 31 42 53 108 80 57 159 111 57 124 20 34 23 52 102 148 120 58 31 128 74 27 265 45 151 114 193 101 40 86 173 102 135 22 101 31 210 58 274 328 269 44 54 112 62 52 87 129 35 51 107 98 38 20 111 49 47 335 66 20 47 190 99 35 56 198 50 163 205 49 43 143 56 57 30 36 32 114 173 91 50 94 123 89 46 55 309 80 48 73 107 56 124 41 28 136 50 137 136 36 163 193 180 292 73 40 39 181 59 103 129 33 122 60 22 30 200 123 229 26 75 61 39 28 63 119 61 113 37 283 109 20 163 171 191 232 23 109 107 42 182 107 113 58 82 208 26 165 145 103 52 57 31 199 286 62 41 37 121 262 116 117 347 32 159 156 54 86 141 86 126 160 57 25 161 51 233 291 93 180 176 198 56 74 39 98 60 155 54 122 188 43 104 40 97 36 281 59 202 46 188 69 195 99 192 55 213 54 61 189 52 126 304 35 146 83 28 192 57 50 181 118 269 166 176 58 63 69 37 22 72 148 166 193 96 23 56 114 148 23 45 55 49 63 249 197 339 64 99 191 128 29 55 236 297 157 197 117 172 162 32 112 165 166 116 25 198 44 186 54 309 300 40 73 35 117 81 100 76 35 204 53 116 218 64 35 200 82 47 126 115 29 109 118 148 38 27 22 32 100 156 51 340 123 149 70 60 292 64 61 51 50 285 194 23 149 53 132 29 50 144 60 64 191 246 270 66 197 61 55 199 186 35 31 59 116 348 176 105 124 192 312 127 252 47 116 22 150 98 80 117 131 184 145 92 26 52 75 24 71 199 199 41 50 80 143 29 114 83 198 24 60 208 169 26 75 53 285 24 87 127 45 146 24 77 27 278 57 88 110 174 120 272 318 103 22 109 316 108 25 143 64 314 49 25 296 260 111 57 224 110 23 60 96 26 115 44 262 37 99 159 52 65 76 43 37 263 196 23 118 199 57 117 36 35 86 295 75 267 65 61 28 199 44 59 34 128 47 251 30 25 108 113 41 250 68 84 148 87 54 244 318 60 148 110 63 96 59 54 28 40 31 21 114 113 122 34 303 86 113 114 182 314 200 20 182 133 26 185 77 106 165 24 116 235 184 32 119 137 39 64 112 37 65 107 21 45 84 105 93 29 47 43 40 120 30 255 161 48 167 290 29 29 21 63 58 24 118 22 38 29 99 325 194 105 65 173 78 31 148 230 78 21 23 73 29 225 180 31 51 112 340 52 193 185 43 321 306 25 88 162 105 170 34 101 106 118 182 50 327 181 101 120 251 116 99 20 25 43 20 63 300 130 313 330 57 21 107 125 216 112 192 44 39 117 185 22 49 135 308 59 175 52 62 117 250 116 21 118 54 135 96 33 46 340 196 58 190 94 347 94 31 199 50 205 113 51 128 56 91 39 247 27 146 232 33 48 277 276 294 33 37 121 95 49 142 145 284 38 39 51 101 160 98 168 167 45 209 85 312 23 232 135 55 328 325 52 28 72 38 70 116 21 21 109 71 54 100 97 92 75 59 176 60 36 56 87 44 153 285 27 43 63 346 20 67 312 21 182 157 69 116 195 182 184 117 68 46 118 44 107 52 101 107 39 153 60 78 81 51 118 111 140 21 120 183 120 179 102 302 174 66 271 153 87 21 140 143 45 251 151 54 145 69 248 261 184 97 161 195 119 101 333 30 111 83 117 202 146 66 130 168 293 118 20 38 316 103 188 338 36 93 99 117 118 40 115 154 28 193 119 112 52 179 30 111 76 52 169 41 27 41 198 106 113 60 35 54 146 88 107 109 113 236 48 40 118 81 45 32 33 36 33 20 92 197 22 102 33 95 55 33 24 253 42 155 268 77 39 344 58 214 58 190 76 22 175 232 24 127 42 126 60 33 41

The bandwidth demand of 2000 tasks
93 2 82 4 5 32 3 57 3 3 54 56 2 53 6 39 91 83 62 6 5 82 94 65 10 73 37 84 52 54 46 8 22 75 2 75 87 84 8 2 74 67 30 45 107 5 33 103 3 99 16 117 35 64 64 8 78 4 21 5 102 93 67 80 89 22 8 22 19 3 103 3 6 3 71 6 61 6 82 35 48 19 6 77 83 81 8 90 4 4 89 3 81 3 67 6 74 20 67 4 22 72 76 66 78 6 96 7 4 64 66 2 71 76 8 8 7 20 81 58 6 27 39 88 8 89 55 6 3 2 83 93 77 20 49 37 7 62 38 108 109 5 74 2 56 20 67 3 4 7 33 8 7 3 81 3 86 63 68 93 79 28 38 97 17 7 20 6 58 4 29 6 62 29 87 18 33 42 6 99 86 113 6 73 30 7 12 3 80 23 8 3 106 3 3 8 4 7 53 2 90 3 108 76 5 5 3 56 3 60 117 8 5 7 88 57 39 32 97 11 15 4 26 7 2 35 5 83 87 21 30 63 6 2 3 96 56 73 7 73 58 115 7 89 6 8 6 74 54 79 6 54 58 6 7 8 37 75 6 81 89 90 81 8 65 15 85 18 7 24 100 93 3 6 6 55 70 7 3 78 110 5 5 21 57 120 71 92 32 75 21 7 91 5 38 23 5 53 11 3 76 12 2 27 89 5 25 33 5 69 71 2 57 78 3 3 20 3 39 4 88 34 90 110 56 5 35 42 27 2 20 12 15 62 5 5 3 7 31 6 111 80 15 5 27 2 14 5 28 30 7 16 27 97 36 30 64 26 116 57 48 16 7 16 68 7 78 4 11 6 68 21 5 10 4 4 6 7 8 4 101 7 24 4 16 42 6 7 63 36 26 4 7 92 66 4 39 4 87 27 18 2 4 98 3 75 72 3 6 69 20 100 63 5 7 87 8 68 6 105 66 2 82 62 14 78 92 35 107 5 15 14 5 91 56 6 91 33 100 75 8 71 76 11 4 64 11 65 55 85 18 96 63 7 32 28 2 78 5 94 2 35 4 7 39 4 2 14 27 7 36 71 103 74 70 7 26 7 6 7 75 72 32 69 78 39 6 78 11 26 66 12 26 100 3 92 18 59 66 4 58 63 16 62 4 32 36 78 99 5 75 109 68 39 5 67 80 4 51 25 3 85 62 24 14 31 29 18 38 3 94 5 7 12 6 25 66 64 84 48 21 40 22 116 37 5 114 89 5 74 93 7 37 26 4 5 83 34 6 5 24 6 68 7 91 3 68 13 8 3 81 15 36 26 53 11 34 89 3 4 27 6 6 60 4 5 89 2 14 6 94 75 7 53 6 18 100 3 115 3 22 35 7 65 3 59 6 4 8 106 92 3 8 7 88 67 7 29 6 4 84 6 77 4 34 11 22 28 98 58 18 26 38 19 30 92 5 4 4 36 55 17 85 5 3 75 7 94 84 22 15 23 85 89 7 5 11 35 64 6 36 32 56 26 80 33 4 81 56 31 55 55 88 12 5 8 89 80 2 91 61 3 61 42 2 3 78 28 3 50 17 5 98 20 25 25 94 31 86 64 4 5 7 54 7 90 3 76 70 32 65 26 3 70 85 36 25 67 7 3 4 4 6 4 94 37 6 17 62 2 90 85 3 66 61 4 5 6 32 10 46 5 8 3 12 3 5 21 7 83 4 2 100 65 5 7 54 58 72 27 7 26 4 29 107 14 3 4 57 3 8 99 19 28 34 37 7 7 86 7 39 5 4 8 114 82 3 57 5 7 43 97 2 30 32 6 57 4 7 72 4 30 46 98 95 36 80 5 63 7 88 18 22 67 37 50 7 3 61 94 8 31 25 93 96 28 60 57 3 75 3 7 65 26 25 4 17 83 39 95 17 4 38 54 8 86 85 26 8 58 71 75 54 7 5 7 6 21 3 70 60 76 7 7 91 7 5 3 6 6 76 7 98 3 8 40 64 6 6 93 8 4 70 78 7 55 93 4 93 6 14 52 4 92 6 5 34 15 86 30 12 27 91 33 91 2 5 30 4 51 2 57 8 14 2 38 14 98 7 38 36 74 28 22 24 7 30 61 81 5 12 31 56 23 97 6 100 120 98 101 35 5 99 65 3 65 29 64 87 25 13 58 78 13 80 5 6 6 37 3 86 3 56 38 45 51 52 6 111 93 82 88 88 2 4 71 6 5 72 66 25 54 6 2 12 95 4 5 48 30 22 92 79 7 27 59 6 18 65 4 23 53 74 6 29 86 4 98 49 38 5 3 114 53 34 17 5 61 5 4 2 53 55 5 85 6 3 24 23 29 64 73 2 5 104 3 81 31 7 68 69 2 4 99 70 25 5 3 86 39 5 29 48 87 8 32 3 64 37 78 23 3 5 51 4 6 57 19 8 23 5 6 6 26 4 4 26 6 4 7 3 15 68 4 3 3 65 2 68 84 4 36 7 7 117 81 7 72 87 86 7 6 6 4 55 18 94 88 76 8 8 3 86 2 4 14 68 56 75 46 7 92 55 8 86 4 32 86 34 32 11 74 61 12 6 37 88 4 5 32 97 40 6 6 5 25 7 24 82 3 36 69 101 73 27 2 8 28 30 21 6 59 32 3 60 3 6 6 4 27 90 17 2 8 87 25 2 88 3 90 15 66 54 7 40 61 50 80 3 16 4 86 7 71 41 59 3 19 21 35 6 21 67 5 3 34 30 4 4 40 3 5 45 20 4 6 62 34 3 4 57 2 98 85 2 7 60 16 13 7 7 8 74 70 11 3 39 73 31 7 6 65 11 3 22 57 21 97 2 4 90 2 96 99 5 63 98 58 100 26 2 2 85 6 25 79 8 74 11 4 5 90 96 51 4 25 37 6 5 30 87 29 17 3 87 19 8 71 93 65 55 5 28 27 3 61 21 27 4 29 49 6 77 72 40 34 3 4 96 84 15 5 5 57 112 75 34 82 7 65 91 6 20 76 30 88 96 7 2 52 15 55 93 10 96 50 59 5 10 4 24 4 59 2 90 92 5 96 4 27 4 102 38 92 6 61 17 73 19 72 3 45 32 32 84 16 96 85 4 82 33 4 56 14 29 59 76 115 75 74 5 23 17 7 3 34 61 66 98 15 7 5 96 64 4 4 15 5 21 110 73 72 29 11 69 64 3 38 63 98 70 108 51 69 57 3 33 63 53 59 4 100 8 61 8 58 41 4 30 7 27 28 26 26 6 65 6 57 61 27 7 71 25 5 98 36 5 23 14 56 4 3 6 3 14 98 3 61 59 92 34 4 112 15 27 3 26 89 99 5 100 4 96 8 6 74 7 32 63 113 58 32 74 16 3 95 88 2 2 6 86 48 66 61 84 62 76 92 62 6 55 5 88 15 25 26 61 71 95 14 4 5 38 4 23 54 72 8 5 12 93 8 77 23 77 4 7 64 69 3 17 25 100 4 26 96 6 53 8 20 5 117 7 14 63 84 21 109 79 32 7 78 105 58 6 81 39 79 6 7 72 75 32 34 79 57 5 7 11 5 27 6 63 8 14 54 6 19 23 3 3 44 100 4 93 74 3 33 3 2 20 72 39 79 13 12 8 67 4 22 7 52 6 50 2 6 34 26 5 65 30 17 55 17 4 111 94 4 87 34 32 24 4 28 4 4 8 7 37 12 74 6 66 15 12 51 87 93 51 3 62 83 2 86 16 24 98 6 61 85 107 6 35 83 2 14 84 3 17 57 6 8 16 11 24 6 7 5 8 84 3 70 57 6 68 54 7 8 7 18 5 4 31 6 4 5 13 61 66 62 27 85 25 2 100 102 19 7 3 31 7 59 86 4 4 35 98 4 68 99 5 113 44 7 28 77 29 80 4 17 24 22 65 22 104 62 19 30 102 27 39 7 7 7 5 13 117 69 96 112 6 4 90 76 48 28 90 7 2 98 91 3 6 94 82 2 64 8 23 78 54 78 4 95 8 57 24 7 6 46 67 6 85 13 98 33 5 82 8 88 84 14 85 8 34 7 102 4 61 82 6 4 80 113 111 6 3 99 27 2 74 83 114 2 7 5 22 54 24 89 86 5 68 34 99 4 76 84 7 43 78 3 7 11 4 20 70 3 7 38 36 6 90 27 38 39 3 68 4 7 24 11 6 76 62 5 6 13 46 3 19 69 5 72 62 26 20 91 76 74 56 18 8 59 3 14 3 13 89 4 64 20 33 34 20 39 81 86 6 81 80 94 56 10 102 100 18 68 95 33 4 90 94 3 94 60 7 89 38 45 59 85 12 78 68 27 17 86 3 15 37 98 109 76 38 83 56 64 71 7 4 88 39 78 74 4 11 33 80 82 6 16 83 2 80 65 97 13 51 4 33 33 33 75 6 3 5 97 86 32 2 8 17 91 30 61 33 77 56 4 7 21 14 5 7 3 2 3 6 31 68 7 40 5 17 27 5 5 80 6 96 101 38 7 56 6 115 4 78 20 5 95 55 5 90 6 74 38 6 7

The power demand of 2000 tasks
11 1 29 2 1 6 1 9 2 2 13 14 3 15 2 4 22 13 21 2 2 9 19 11 10 9 7 9 16 8 23 3 6 17 1 11 13 10 2 2 20 12 6 25 19 1 6 15 2 14 4 16 4 16 20 2 13 3 4 2 10 17 14 9 12 7 1 7 9 1 19 1 2 2 29 2 14 1 12 6 11 6 2 25 18 11 2 20 2 1 8 1 16 1 15 1 10 3 15 2 5 13 8 8 22 1 19 2 2 30 16 3 13 19 1 1 2 5 15 17 1 10 10 18 3 20 13 3 2 1 16 12 20 6 16 8 1 10 9 15 20 1 16 2 14 6 9 1 2 2 7 1 2 1 15 3 25 8 10 19 14 4 8 11 9 1 9 3 15 2 5 2 12 7 20 8 8 23 1 20 19 27 1 16 3 1 9 2 9 3 2 1 19 2 2 1 1 2 19 3 13 1 17 20 1 1 2 11 3 12 10 1 2 3 13 18 9 7 26 5 8 1 4 1 1 8 3 14 24 6 8 19 3 1 2 9 19 12 1 9 15 18 2 19 1 1 1 21 28 11 1 9 10 1 3 1 9 29 2 12 17 27 20 3 19 6 18 8 2 9 26 18 2 2 3 12 13 1 1 24 22 1 2 4 14 14 9 10 9 25 10 2 19 1 8 4 2 25 7 3 11 6 1 6 20 1 5 5 1 12 16 3 19 15 1 3 5 2 8 1 17 4 9 21 11 3 7 17 4 1 10 8 5 11 1 2 2 2 7 1 15 13 5 3 9 3 6 2 8 9 1 8 5 10 10 7 14 8 14 26 22 5 3 4 9 2 10 3 4 2 19 9 2 6 2 1 2 3 1 2 17 3 8 2 10 22 1 1 14 8 4 1 2 11 17 1 3 2 11 5 10 2 3 14 1 19 17 2 1 9 8 13 17 2 1 15 2 12 2 17 17 1 29 13 5 12 12 7 21 3 3 4 1 29 11 2 11 6 14 16 1 11 12 4 3 13 7 18 30 9 6 18 12 2 9 5 2 8 1 15 1 8 2 3 6 2 1 5 10 1 4 19 17 12 9 2 6 1 2 3 16 11 9 20 19 4 1 18 7 9 17 8 9 26 2 10 3 9 28 2 21 19 9 22 1 6 5 11 25 3 11 26 19 6 3 17 8 1 18 4 1 20 11 7 6 7 5 6 5 2 14 1 2 4 2 5 26 15 10 13 9 6 6 22 8 2 18 14 2 26 17 1 8 5 2 1 16 8 2 3 3 1 12 1 12 1 14 8 1 2 13 6 9 8 17 6 7 17 2 1 10 2 1 20 3 1 30 1 7 3 9 9 1 28 2 9 21 1 16 2 6 5 3 28 1 9 2 2 2 14 9 3 1 1 20 15 1 10 2 1 14 2 20 1 4 10 10 10 11 20 10 5 5 7 3 17 1 3 1 4 10 5 24 3 2 8 3 12 13 9 4 8 25 14 2 2 4 5 17 2 4 3 8 9 18 3 2 18 15 7 20 12 16 5 1 1 10 12 2 11 10 1 13 29 2 2 25 9 2 17 10 2 10 6 4 7 15 4 18 14 1 1 2 18 1 9 1 16 9 3 8 7 1 18 20 7 10 16 1 3 1 2 2 2 16 8 1 5 16 2 18 15 1 16 13 2 1 2 6 6 13 1 1 1 8 3 1 4 1 26 3 1 30 19 1 2 11 10 20 5 1 3 2 5 10 6 1 2 20 2 3 19 4 6 9 6 2 2 17 1 10 1 1 3 27 10 2 19 2 1 22 11 3 4 6 3 8 2 2 15 1 7 28 15 20 7 13 2 14 3 24 6 4 17 9 16 2 1 26 12 1 5 4 20 11 6 13 15 2 28 2 2 13 4 7 3 9 15 4 27 7 1 8 17 1 17 13 3 2 9 18 9 13 1 2 2 1 7 2 8 16 11 2 1 10 1 3 1 1 3 29 1 16 3 1 6 11 2 1 11 1 1 20 12 2 10 19 1 12 2 8 11 2 15 2 3 10 3 9 7 8 5 28 8 8 1 1 6 2 15 1 9 2 6 2 7 4 15 2 6 9 10 9 8 8 2 7 12 16 2 4 5 11 4 18 1 17 10 12 27 3 2 14 22 2 14 7 22 14 8 7 12 19 4 12 3 3 1 3 2 13 2 23 3 12 10 8 3 23 13 14 15 16 2 1 14 1 1 15 17 5 24 3 2 10 19 1 1 17 4 8 23 15 2 5 15 2 9 18 1 8 16 18 1 8 10 2 14 15 5 3 2 13 9 4 4 3 13 3 2 1 11 13 2 27 1 1 9 7 5 26 9 1 1 24 1 8 9 1 17 22 3 2 19 17 6 2 2 23 6 1 7 13 26 2 9 1 11 4 12 8 1 1 16 2 2 16 7 2 5 2 1 3 9 2 1 7 2 1 1 3 7 14 3 2 1 13 1 18 19 3 6 3 2 27 24 1 28 21 25 1 3 1 1 28 8 13 22 18 1 1 2 13 2 1 9 13 11 11 29 1 17 20 2 9 1 8 16 6 7 4 10 21 7 3 6 12 1 1 7 10 13 2 1 1 8 1 4 13 1 4 14 21 13 5 1 3 4 9 4 2 20 8 3 19 2 2 2 1 8 17 6 3 3 10 7 1 24 1 18 3 15 9 2 4 10 15 12 2 7 2 17 3 22 30 29 3 7 8 9 1 10 12 1 2 8 7 2 1 8 1 3 24 7 3 2 11 9 2 2 16 1 18 29 3 2 18 8 8 2 3 1 17 9 6 3 9 19 6 2 2 11 8 2 10 16 6 9 1 2 18 2 13 14 3 20 18 8 15 5 3 3 10 2 9 20 1 13 6 2 2 14 11 29 2 6 9 2 2 5 16 5 8 1 23 7 3 9 12 11 12 2 3 6 3 16 5 4 2 9 30 2 11 8 4 8 1 2 23 27 5 1 1 15 10 15 8 28 2 14 19 1 8 19 4 17 16 1 2 14 7 21 16 3 16 16 16 2 8 2 6 2 14 1 16 11 3 15 2 5 2 19 9 12 3 9 5 13 6 15 3 23 5 8 16 8 16 23 3 17 6 1 10 6 7 20 16 17 15 19 2 10 9 3 1 5 12 19 16 4 2 2 8 18 1 3 9 2 4 30 17 20 6 4 16 13 2 8 22 22 13 27 10 14 16 1 6 13 19 13 2 17 2 22 1 27 27 2 10 1 6 9 3 4 1 26 1 10 22 4 2 11 10 3 18 5 1 3 7 18 2 2 3 2 5 11 3 29 12 16 4 3 27 5 9 1 8 20 20 1 20 2 13 2 1 10 2 3 23 12 26 6 13 4 2 10 11 2 2 3 19 14 14 15 11 15 28 15 26 1 18 2 16 5 10 10 13 19 12 10 2 3 6 2 3 19 15 2 2 5 20 1 19 7 12 3 2 10 11 1 9 7 23 2 4 20 1 15 2 4 1 26 1 10 14 19 5 24 11 3 2 17 24 10 2 10 5 23 1 3 11 16 7 7 10 9 2 2 9 3 5 2 21 1 8 14 1 8 8 3 2 25 13 1 16 11 3 3 2 1 4 13 9 16 8 5 3 13 3 10 2 19 2 17 1 2 7 4 1 26 5 7 12 10 2 18 26 3 11 8 8 7 2 3 3 2 3 1 3 10 11 1 12 6 8 9 11 16 16 3 13 20 1 21 5 6 16 1 19 24 22 2 7 9 1 9 14 1 4 10 1 2 4 7 10 3 1 1 1 18 3 22 14 2 11 15 1 2 1 8 1 3 7 1 1 2 5 12 10 14 5 18 3 1 14 24 10 2 3 7 2 24 14 2 2 5 26 2 27 15 2 25 17 1 7 9 9 14 1 7 5 8 12 5 27 18 7 9 19 6 6 2 1 1 2 8 18 10 23 15 3 3 9 8 22 3 26 1 2 9 13 3 1 20 17 1 15 3 10 12 20 17 2 16 1 15 4 2 1 17 24 3 16 6 22 7 3 15 3 13 12 4 14 1 6 2 26 1 11 12 1 3 19 13 26 1 2 19 8 2 14 9 28 3 2 1 7 13 10 13 9 2 28 9 24 1 18 9 1 24 11 1 1 7 2 7 18 1 3 7 4 3 14 7 8 8 2 12 1 1 9 8 2 19 15 1 2 9 21 1 3 21 2 11 16 8 6 12 28 9 15 5 1 13 1 5 2 3 17 2 15 8 4 8 9 10 16 19 1 12 11 8 11 5 27 10 7 13 19 7 1 11 9 1 27 18 1 15 7 10 22 11 8 12 13 4 10 15 1 5 7 12 16 14 5 16 13 14 17 2 2 20 10 16 28 1 9 9 18 10 3 6 13 1 16 10 15 4 11 3 8 4 6 17 2 3 2 16 14 5 3 2 7 20 8 10 10 13 24 1 2 3 9 1 2 2 3 2 1 3 10 2 7 2 6 7 1 1 13 3 17 18 3 2 15 1 19 1 13 7 1 9 20 2 14 2 16 4 1 2
