B=10	N=100	M=3	Cbw=3345	Cpw=962

Modes
mode base_power
G 10
R 25
P 50

Task types
type name modes
1 enterprise_emergency G|R
2 maritime_airborne G|R|P
3 cellular_backhaul R|P
4 private_high_priority P

The bandwidth capacity of 10 beams
392 321 305 273 416 254 408 271 332 373

The power capacity of 10 beams
111 86 105 86 77 118 102 102 94 81

The type of 100 tasks
4 3 2 1 3 2 2 1 2 1 1 4 2 2 4 3 1 2 1 3 4 1 1 1 3 1 1 3 4 1 1 3 1 2 1 1 4 1 1 4 4 1 2 2 1 1 1 1 3 3 4 1 3 4 2 3 1 2 2 2 2 3 3 3 2 1 4 4 3 1 2 3 1 1 3 4 2 2 2 3 1 1 2 3 1 1 3 3 3 3 2 1 1 2 4 3 2 2 3 4

The profit of 100 tasks
267 140 97 52 121 83 101 32 83 36 29 183 90 93 219 187 57 75 60 158 192 38 28 41 188 58 55 142 284 44 34 146 48 75 60 28 269 54 50 186 311 54 63 85 20 51 42 22 101 176 329 30 132 294 53 104 23 117 80 73 88 105 194 144 96 52 339 181 153 20 117 133 57 35 135 243 79 53 117 149 23 55 53 196 27 22 143 181 175 143 107 32 58 53 211 104 108 116 186 213

The bandwidth demand of 100 tasks
69 58 18 7 73 24 15 3 19 4 3 103 39 21 117 74 6 17 5 73 65 3 5 7 81 3 6 82 117 2 8 85 7 33 4 6 95 7 7 103 100 3 12 29 6 5 5 3 61 54 75 6 57 84 28 58 5 32 40 20 40 97 82 51 24 8 108 102 62 6 38 50 7 7 63 55 36 38 23 68 4 4 22 91 6 3 91 89 79 91 21 5 5 13 42 86 10 12 72 67

The power demand of 100 tasks
23 10 6 2 10 7 5 1 4 2 3 18 4 6 14 13 3 8 3 9 23 1 2 2 17 1 1 19 20 2 2 16 2 9 2 1 17 2 3 29 28 1 9 6 2 3 2 3 8 16 29 2 12 22 5 12 3 6 3 6 7 18 13 11 9 1 15 23 9 2 4 18 2 2 19 29 3 7 7 8 2 3 4 15 1 1 13 10 14 11 5 1 3 7 28 19 8 9 10 11
