B=30	N=300	M=3	Cbw=9881	Cpw=2781

Modes
mode base_power
G 10
R 25
P 50

Task types
type name modes
1 enterprise_emergency G|R
2 maritime_airborne G|R|P
3 cellular_backhaul R|P
4 private_high_priority P

The bandwidth capacity of 30 beams
376 280 319 380 371 372 318 276 248 387
350 321 273 252 399 288 318 309 372 383
268 345 403 331 295 278 334 364 311 360

The power capacity of 30 beams
115 117 75 75 73 80 93 118 97 92
77 86 113 77 113 74 81 118 91 110
84 116 109 81 76 76 106 84 98 76

The type of 300 tasks
2 2 4 4 4 2 4 3 3 2 2 3 1 3 2 4 1 1 3 1 2 1 4 3 1 1 1 3 1 4 1 1 4 3 3 3 3 4 2 1 4 2 3 3 3 3 2 2 3 2 1 3 1 4 2 2 2 2 2 2 1 3 1 4 2 3 4 2 1 2 3 3 3 2 3 1 2 2 4 2 4 2 3 4 1 1 2 1 2 1 1 3 2 1 1 3 2 2 1 1 2 4 3 3 1 1 3 4 4 3 4 1 2 2 1 3 4 4 1 1 1 2 4 2 3 3 2 1 3 4 2 1 4 2 3 1 4 3 1 1 1 1 3 4 1 3 2 2 3 1 3 1 2 4 3 1 1 4 3 1 3 1 1 1 3 2 4 1 4 3 4 1 3 2 4 3 1 2 4 2 4 3 3 3 2 1 1 2 2 3 1 1 1 1 2 1 2 3 2 3 1 1 3 1 4 1 2 1 2 2 1 1 4 1 4 3 2 3 1 1 3 1 1 1 2 3 1 1 4 3 3 1 3 4 4 2 2 1 3 3 3 2 3 1 1 3 3 2 2 1 1 3 2 4 1 1 1 2 4 4 3 3 1 2 1 3 2 3 2 1 1 2 2 2 1 3 1 2 3 1 1 1 1 1 1 2 2 1 1 1 2 1 1 1 1 4 1 2 1 3

The profit of 300 tasks
58 87 257 299 205 104 293 142 125 66 74 182 55 173 73 230 41 49 142 21 117 58 245 179 35 33 23 136 23 312 48 27 254 194 156 121 140 247 106 39 338 120 115 102 181 158 74 108 187 61 28 181 55 342 68 102 73 83 91 89 49 115 31 190 100 164 309 91 20 65 180 148 145 77 179 60 82 69 204 89 236 114 139 232 55 41 58 43 81 48 40 140 108 51 27 109 56 74 29 43 103 273 178 127 53 22 191 264 274 193 212 46 60 92 29 118 292 346 54 55 33 99 299 78 117 140 100 34 198 288 102 36 323 110 132 52 213 157 34 34 55 46 168 336 43 168 51 120 195 58 123 20 57 322 135 33 36 199 150 22 192 40 30 37 171 54 191 40 266 144 301 41 141 65 320 159 43 53 284 100 269 102 153 149 117 50 51 70 55 139 44 55 42 43 81 40 119 197 63 162 39 29 158 38 333 41 83 32 62 96 28 45 293 43 274 175 114 140 54 31 110 25 21 46 63 154 54 59 259 122 165 57 133 209 189 66 58 59 164 120 146 115 124 48 27 119 161 95 69 42 25 157 57 313 37 32 27 114 324 219 101 183 28 59 59 148 117 146 83 56 43 91 67 77 54 129 42 96 161 38 29 23 57 53 50 100 59 42 51 27 101 31 54 35 33 311 22 59 34 160

The bandwidth demand of 300 tasks
31 29 41 70 105 21 72 63 98 36 35 99 7 74 11 93 8 8 93 4 19 6 57 88 5 4 5 52 8 56 6 8 85 59 64 95 88 42 39 8 71 26 61 68 79 82 38 35 79 11 7 81 3 115 23 21 15 15 12 19 5 60 7 88 20 99 50 16 4 36 89 91 53 33 61 2 39 14 108 18 41 18 70 80 8 7 17 5 22 5 2 51 37 7 3 53 10 32 5 2 11 83 61 67 2 8 95 110 86 61 52 6 32 36 5 89 60 75 8 5 7 20 92 29 91 62 21 5 81 51 33 5 86 36 91 5 77 69 6 8 7 8 85 85 6 91 21 11 100 7 86 3 19 73 61 4 7 40 78 4 51 8 3 8 69 16 45 4 103 53 47 3 70 19 51 83 4 26 118 19 80 84 66 51 38 6 5 38 16 62 6 4 2 6 19 3 14 93 38 98 3 8 74 5 70 6 29 6 23 13 8 6 68 5 112 81 38 61 7 5 71 4 3 7 27 85 6 2 116 99 91 8 79 95 95 21 31 8 92 59 72 35 70 5 6 63 79 37 10 3 3 92 27 95 4 3 2 18 120 51 64 98 6 26 8 89 24 79 28 7 7 32 16 30 3 57 6 11 77 6 3 7 3 6 6 17 23 8 2 8 39 2 7 8 4 103 2 36 6 66

The power demand of 300 tasks
3 7 23 19 21 4 12 19 20 7 8 9 2 9 6 16 2 2 19 1 9 3 13 16 2 1 3 9 1 15 1 3 10 10 11 19 13 23 7 1 10 10 9 18 11 16 7 10 19 3 1 18 2 21 10 4 4 7 6 10 3 16 3 11 5 9 12 6 2 6 19 9 18 6 19 3 5 3 28 9 12 5 14 16 1 3 8 2 10 3 1 14 7 3 1 10 5 3 2 1 10 10 14 11 1 1 11 30 11 9 28 1 6 3 1 11 15 13 1 2 2 7 12 8 11 12 8 2 10 11 4 2 18 5 14 2 16 17 2 2 2 2 16 14 2 8 7 5 18 3 10 3 5 23 11 1 1 25 15 1 11 2 1 3 16 4 21 2 19 13 30 2 8 3 12 18 2 4 19 10 28 18 9 15 3 2 1 3 9 12 1 1 3 2 3 2 5 18 8 16 1 2 17 2 19 1 8 1 10 8 2 1 15 3 10 14 5 13 2 2 17 3 1 2 5 20 2 1 24 18 12 1 12 26 19 9 6 1 17 9 18 6 19 3 2 9 10 8 7 3 2 17 9 15 2 1 3 5 12 28 17 16 2 9 1 17 6 9 3 1 2 6 8 9 3 13 2 6 12 2 1 1 1 2 3 5 4 2 1 1 6 1 1 1 1 29 1 3 2 19
