B=60	N=1200	M=3	Cbw=36435	Cpw=9506

Modes
mode base_power
G 10
R 25
P 50

Task types
type name modes
1 enterprise_emergency G|R
2 maritime_airborne G|R|P
3 cellular_backhaul R|P
4 private_high_priority P

The bandwidth capacity of 60 beams
562 519 488 559 477 638 684 529 591 492
639 742 574 672 523 597 693 677 529 474
585 640 720 658 689 477 530 553 768 639
702 721 764 615 518 588 610 571 491 672
511 692 516 696 592 593 513 636 746 628
503 594 700 560 746 534 665 673 690 477

The power capacity of 60 beams
136 198 193 191 182 140 146 161 162 180
170 144 134 168 151 134 124 139 138 166
171 179 167 143 190 129 132 194 148 140
158 203 198 167 138 125 152 152 138 162
168 136 134 144 126 169 196 194 182 201
154 141 152 184 138 133 142 149 131 189

The type of 1200 tasks
2 2 2 1 3 4 4 1 2 3 1 2 2 1 4 1 2 3 1 3 1 1 3 3 3 3 2 3 1 1 2 2 4 4 4 2 3 2 3 3 1 3 2 2 3 4 3 3 4 3 1 1 1 2 1 1 3 2 2 3 2 2 1 3 1 2 3 1 1 2 2 4 2 4 1 1 3 2 2 4 3 3 1 3 2 1 3 2 2 1 4 3 1 2 2 1 1 4 1 1 1 4 3 2 1 4 2 2 1 2 1 3 1 2 1 2 3 4 2 2 1 2 3 1 3 4 3 1 1 3 2 2 2 4 3 1 1 2 2 3 1 2 4 3 4 1 4 1 1 3 1 4 4 4 3 1 3 1 1 1 1 3 1 4 4 1 2 1 2 1 4 3 4 2 4 1 3 1 3 4 1 2 1 3 3 1 3 1 1 1 1 1 1 4 1 1 3 3 2 1 3 4 2 3 1 1 4 3 1 3 2 2 3 4 4 2 1 3 2 1 3 3 1 2 2 1 2 2 4 4 2 3 1 4 3 1 2 1 1 3 4 2 1 2 1 3 1 3 2 2 1 4 1 4 3 1 3 4 4 3 4 1 2 1 1 4 3 4 3 1 1 2 2 2 1 3 2 1 1 3 1 3 2 1 4 3 1 4 1 2 2 1 2 1 2 1 2 1 3 3 2 3 1 1 3 1 2 2 3 1 2 1 3 1 1 2 4 3 1 3 1 1 1 2 3 1 2 2 2 2 3 3 1 3 3 2 2 4 3 2 1 1 2 3 1 4 3 3 4 4 1 3 2 1 3 3 2 2 4 3 1 1 1 1 1 1 3 1 1 1 3 1 3 3 4 1 2 1 3 2 1 2 3 3 2 3 2 1 2 4 3 4 2 1 1 1 2 2 4 1 1 2 2 1 1 3 2 4 4 3 1 1 4 3 2 3 4 1 1 2 3 2 2 4 1 2 1 4 2 1 1 3 1 3 2 3 4 1 4 3 2 2 3 2 3 4 4 1 4 1 1 2 4 1 2 3 3 1 1 2 4 3 1 2 1 2 2 2 3 2 1 1 3 1 4 2 3 1 3 2 2 3 1 1 1 3 2 3 2 1 1 2 3 4 2 4 3 1 1 3 1 3 2 1 1 3 2 1 2 4 4 1 1 4 1 2 2 3 1 3 2 1 2 3 2 3 3 2 1 2 1 1 1 2 2 2 4 3 2 1 2 3 4 3 2 3 4 1 3 1 1 4 3 2 1 2 1 4 2 1 2 1 1 1 1 4 1 3 3 4 1 3 2 3 3 1 4 4 3 3 4 1 1 1 1 1 1 4 2 3 2 4 1 1 3 2 2 4 1 1 2 3 4 3 1 4 1 3 2 1 1 2 3 4 2 4 3 3 3 2 1 4 1 1 3 1 1 4 2 1 1 4 4 4 3 2 1 2 3 1 3 2 1 1 1 1 4 4 4 2 4 1 3 3 1 4 2 3 3 2 3 4 2 3 3 2 3 1 3 1 1 4 1 1 3 4 2 3 3 3 2 3 3 3 1 2 2 4 1 2 1 1 1 1 1 4 1 4 2 4 1 1 1 3 1 1 3 1 2 1 3 3 3 1 2 4 1 3 2 3 1 3 1 4 3 4 3 1 4 1 1 2 2 1 3 4 1 3 2 1 2 1 2 3 4 1 2 1 4 3 4 2 3 3 3 3 3 1 4 2 2 1 3 2 3 1 3 1 1 1 1 1 2 4 1 2 2 2 4 2 2 3 3 4 4 3 3 1 2 3 4 2 2 1 3 2 4 2 1 3 1 1 1 3 3 4 1 2 1 2 3 1 2 3 3 4 4 3 4 3 3 1 1 2 2 1 1 3 4 3 1 4 3 1 3 2 3 1 2 1 3 1 1 1 1 1 3 2 2 1 2 1 4 1 1 3 2 2 4 2 4 1 2 1 3 3 1 2 3 2 1 2 1 1 1 4 1 4 1 1 2 3 4 1 1 1 1 1 1 4 4 3 1 3 2 1 2 3 4 1 2 4 1 1 2 1 2 3 1 1 2 2 3 1 2 4 3 2 3 1 3 3 3 1 1 1 2 4 1 1 2 1 1 2 2 1 2 1 4 4 2 1 2 1 3 1 1 2 1 1 3 4 2 4 1 4 3 1 3 2 1 3 1 1 1 2 3 1 3 1 3 1 3 2 1 2 2 1 1 3 2 3 3 3 2 4 4 1 2 2 2 1 1 4 1 3 3 4 2 4 3 4 3 1 4 2 2 2 2 2 2 2 2 4 1 2 3 4 2 3 2 1 1 1 2 3 1 1 1 1 3 2 2 4 1 2 4 2 2 1 3 2 1 3 1 3 1 1 2 1 1 3 1 2 1 3 1 4 3 2 1 2 2 1 1 2 3 3 4 3 3 1 3 3 1 4 1 1 4 4 1 4 2 2 4 1 2 1 1 2 4 4 4 2 1 2 1 1 3 4 2 1 3 3 1 2 4 2 1 3 3 4 3 2 2 1 2 1 1 3 4 3 3 2 2 1 3 3 3 2 2 4 2 3 3 1 1 2 1 3 1 1 1 2 3 3 2 3 2 1 1 3 3 1 4 2 3 1 4 2 1 1 3 3 3 1 4 1 3 1 2 3 1 3 2 1 1 3 3 4 1 4 3 3 1 1 3 3 1 1 2 2 1 1 1 1 2 2 3 2

The profit of 1200 tasks
77 109 99 21 107 337 183 60 68 109 29 102 108 60 318 47 115 196 50 161 46 41 188 107 117 138 106 144 55 43 94 98 196 230 198 115 190 73 157 189 20 104 62 98 119 269 163 125 292 172 30 60 57 74 32 23 161 58 56 132 101 60 35 104 29 76 158 20 51 109 57 263 56 303 57 28 133 113 110 225 132 133 41 121 70 42 198 77 106 46 202 105 45 117 99 30 59 216 44 40 42 196 183 104 25 183 99 75 45 62 36 111 28 72 37 69 174 202 92 55 51 115 132 51 130 293 183 23 51 166 109 71 81 265 140 20 27 90 72 196 35 90 237 118 265 53 195 41 37 100 58 275 226 308 163 42 199 37 42 28 31 182 29 283 220 47 58 53 106 20 297 164 244 113 208 40 184 36 196 265 60 117 55 154 160 59 151 52 30 58 41 41 22 189 27 34 181 136 94 40 189 263 115 134 33 59 329 153 21 136 80 90 166 270 275 73 30 187 53 32 181 136 60 53 113 51 52 99 197 322 52 149 54 221 132 32 53 34 43 115 188 81 43 92 22 151 36 123 120 104 33 284 38 249 104 47 155 333 232 173 241 36 76 45 35 345 119 235 111 26 42 52 79 108 45 200 103 31 59 127 46 141 76 38 187 134 24 304 60 67 70 36 100 21 65 50 71 20 153 193 71 117 58 51 150 39 111 96 110 41 60 56 195 54 21 76 272 128 41 150 54 20 28 96 170 45 50 103 81 107 112 123 40 113 115 58 78 277 183 74 49 24 110 103 26 268 155 197 198 195 49 182 117 59 132 199 89 100 313 180 59 38 56 47 52 56 157 27 27 59 110 29 122 102 314 58 114 28 121 93 60 70 147 150 90 175 108 41 101 189 172 263 105 23 49 30 113 50 194 59 41 78 85 59 25 174 93 238 225 132 24 54 289 171 99 189 315 23 48 87 195 87 56 246 43 117 24 212 93 29 25 189 24 101 73 186 319 21 195 145 57 84 198 54 116 315 313 45 214 47 48 92 246 24 55 145 141 32 43 82 248 128 44 77 38 83 84 103 110 103 58 41 111 35 304 78 108 45 196 98 54 190 51 60 48 102 83 173 52 52 29 87 110 203 93 306 169 44 58 141 49 124 99 48 20 177 75 56 96 302 322 38 44 253 22 65 89 196 52 166 110 35 51 184 90 132 178 51 30 93 45 58 35 98 112 59 264 165 101 22 104 124 283 186 52 108 297 41 190 35 34 197 197 112 39 57 30 337 58 58 71 23 36 43 37 316 53 109 141 233 47 105 79 140 178 38 214 219 152 114 206 39 27 28 51 20 55 196 104 194 55 215 35 52 117 86 65 318 33 56 89 170 313 194 31 286 44 175 70 58 42 87 166 204 113 311 155 130 161 109 26 271 41 34 172 37 37 230 88 54 33 316 207 318 135 77 53 67 105 33 153 88 48 23 53 40 339 216 216 76 332 40 190 165 34 303 95 150 135 76 155 286 108 101 123 90 170 22 162 41 59 183 53 51 122 192 51 189 146 178 52 122 199 179 28 110 87 321 24 98 27 55 20 44 20 317 21 317 117 226 36 25 53 123 57 53 152 29 81 25 100 186 131 44 68 197 40 125 60 128 42 134 39 246 128 251 164 32 276 26 36 61 78 45 200 292 44 164 112 29 107 48 61 128 269 58 90 59 294 164 268 120 134 179 142 187 140 52 230 111 120 27 191 65 137 57 134 29 35 30 51 21 79 284 46 54 72 114 249 60 100 163 125 318 322 138 110 59 57 179 327 83 88 45 145 107 320 71 52 153 22 40 39 123 179 278 24 114 24 85 132 41 110 122 128 231 344 159 228 113 106 36 45 58 98 53 21 168 293 181 24 281 119 27 181 119 163 58 74 39 180 52 36 57 43 27 144 85 70 39 79 38 332 59 23 172 54 120 299 90 287 22 56 42 161 146 53 52 152 92 24 68 26 38 53 276 44 248 23 32 97 123 280 58 33 29 38 35 28 190 321 168 57 100 96 36 53 129 269 53 50 275 35 32 83 22 87 154 36 27 73 62 156 46 78 230 182 75 112 60 104 138 127 57 58 42 59 286 55 37 98 48 32 105 100 57 113 34 186 295 104 25 109 23 149 51 26 90 50 55 168 235 89 249 42 209 105 25 134 117 51 107 45 22 28 97 172 57 198 56 124 60 133 55 57 118 59 48 25 146 90 114 136 189 88 202 280 38 99 59 116 57 31 297 32 161 195 250 109 212 136 347 144 33 272 79 104 109 71 113 90 52 56 269 47 91 131 192 112 189 73 55 42 50 84 161 30 26 57 58 198 53 61 342 53 93 228 119 78 21 173 87 34 108 39 196 57 58 94 54 53 138 56 74 23 136 33 228 155 113 28 87 96 52 23 53 166 200 225 167 177 21 174 147 57 308 53 51 287 223 30 198 85 117 239 50 84 48 20 92 341 327 242 77 44 91 56 20 200 235 83 20 174 115 55 94 258 115 33 149 118 282 114 50 80 44 88 44 56 186 234 199 140 78 81 43 174 161 108 57 109 211 108 133 187 54 44 68 59 139 47 35 30 55 107 111 102 199 90 45 22 123 170 58 242 55 172 24 301 118 50 51 115 104 136 48 265 46 166 50 67 132 51 174 105 45 22 192 114 189 25 200 141 111 38 40 189 178 59 26 60 89 48 46 46 57 82 57 158 108

The bandwidth demand of 1200 tasks
28 33 39 6 71 83 56 8 13 69 3 11 20 2 93 3 38 61 2 63 4 3 57 55 57 53 16 87 3 3 13 38 114 58 58 36 98 16 54 73 6 68 37 23 54 49 50 56 51 69 7 6 2 15 2 3 71 21 23 63 39 27 7 58 5 12 52 4 6 15 22 119 18 61 6 5 86 23 17 107 83 70 3 96 28 2 66 28 24 7 85 56 5 21 19 7 5 90 6 7 5 79 59 22 6 105 20 28 5 38 4 73 4 35 5 15 70 40 30 35 7 31 84 7 51 55 53 4 5 71 24 23 18 93 67 3 3 22 13 77 8 27 100 95 81 7 40 5 7 51 7 59 106 73 87 3 70 3 7 6 4 91 4 63 104 7 23 3 27 5 51 81 106 38 107 4 68 8 87 92 5 32 8 57 78 6 92 6 3 7 6 7 6 57 6 4 62 65 24 4 64 74 23 98 3 8 85 93 2 56 16 13 81 58 97 30 5 99 32 3 83 98 7 19 29 3 31 36 59 65 18 93 6 103 58 2 24 7 7 64 115 29 5 26 6 94 4 89 32 32 2 51 6 106 81 3 80 52 57 98 100 6 37 2 6 68 58 74 63 7 4 32 31 18 5 63 19 6 6 97 3 98 25 2 57 77 5 58 8 31 39 5 35 3 11 7 18 6 58 92 16 88 6 2 65 4 34 24 62 4 39 2 79 5 5 27 43 97 6 85 6 7 4 25 92 5 19 28 37 11 58 78 7 78 62 39 34 65 98 39 3 4 34 95 4 96 99 90 84 40 4 72 21 5 78 70 34 33 94 58 3 7 5 8 5 8 93 6 5 2 68 3 62 56 56 5 20 4 89 15 3 18 74 64 29 89 31 3 37 56 81 90 30 7 7 2 34 38 57 7 6 35 36 6 5 53 36 108 47 91 5 2 46 60 29 75 94 4 6 25 69 27 23 95 7 33 3 119 26 5 2 72 7 94 30 57 69 6 47 76 11 19 55 38 55 79 120 3 108 3 3 18 118 8 26 79 67 5 5 37 101 87 2 11 7 36 13 18 81 18 5 3 80 8 54 38 54 2 59 28 22 79 7 5 3 59 33 73 20 6 6 29 52 111 23 78 59 4 8 69 4 56 23 4 7 59 18 4 39 77 64 5 4 95 7 29 18 52 5 69 22 3 29 77 17 77 54 38 4 22 7 2 2 26 30 29 45 65 18 5 31 92 100 55 10 77 92 5 59 5 5 84 67 28 3 14 7 95 13 5 10 8 7 7 8 107 7 96 81 60 4 76 10 99 58 8 63 109 63 56 100 6 4 7 7 4 6 109 29 58 38 83 3 5 69 38 13 46 5 3 11 93 53 93 6 49 2 87 22 6 6 34 87 95 39 94 66 89 59 30 5 92 5 4 81 6 6 47 38 3 8 43 92 53 96 32 5 34 88 7 67 29 3 6 6 5 108 103 112 32 87 3 75 65 4 84 11 63 81 24 71 111 30 82 97 35 70 7 95 8 4 81 3 3 90 85 14 64 82 78 11 90 74 82 2 15 35 118 6 14 4 6 4 8 5 75 5 105 26 40 4 6 6 65 3 6 89 6 20 7 92 99 72 5 22 89 7 67 34 62 5 79 6 64 60 43 99 6 79 4 3 28 13 5 81 47 7 65 14 7 21 7 38 53 45 6 38 6 52 78 57 17 67 66 64 86 81 3 83 34 38 6 73 19 51 2 66 6 8 2 4 5 35 69 3 10 37 33 113 32 16 59 93 58 96 81 75 7 28 61 116 28 35 6 94 28 70 24 4 86 3 2 6 90 59 72 6 37 4 28 91 5 16 62 70 49 53 83 59 84 99 7 4 20 24 3 2 52 63 99 6 112 82 8 90 32 51 8 33 3 72 4 8 5 5 5 79 27 32 3 33 4 41 4 7 52 27 28 69 30 40 4 28 7 82 78 6 27 60 27 5 20 7 7 7 46 3 57 5 4 16 63 84 5 7 6 7 3 3 60 50 88 3 92 32 5 16 66 55 2 19 51 7 4 24 6 33 79 3 5 12 25 84 5 25 115 54 22 92 4 95 90 71 5 6 5 17 98 5 4 30 5 5 16 31 6 26 5 59 52 13 7 34 7 68 2 2 20 5 4 54 91 23 85 4 113 55 6 52 34 4 81 3 5 3 27 60 6 60 5 63 4 64 22 4 10 13 7 6 75 23 76 67 81 34 62 69 3 18 24 37 7 6 80 5 64 81 56 11 70 56 53 72 7 109 36 38 36 20 15 12 20 26 93 2 37 85 105 34 67 33 3 5 7 21 82 6 2 4 4 64 29 30 71 3 23 81 24 10 2 95 36 5 67 7 85 4 6 11 5 4 58 3 23 6 79 4 67 64 24 7 29 25 8 6 39 65 74 52 76 62 7 80 58 5 80 4 6 42 63 6 104 31 33 77 7 19 6 7 13 96 48 70 10 6 17 4 2 58 81 26 3 54 54 4 33 45 23 7 73 70 72 98 27 29 5 28 3 6 77 68 79 71 35 12 3 70 80 81 25 12 81 29 51 82 2 7 11 3 85 3 3 7 39 51 78 21 58 18 7 8 50 74 5 45 34 61 5 54 17 2 5 54 90 81 7 87 3 98 5 19 95 3 61 29 7 5 71 53 74 6 70 98 99 4 3 73 70 3 3 26 22 2 8 8 3 39 13 74 30

The power demand of 1200 tasks
6 7 7 3 18 13 25 1 8 11 2 8 5 1 21 2 5 15 1 20 2 3 15 16 17 11 6 10 3 2 9 4 26 25 14 5 8 9 14 17 3 16 5 9 8 18 15 14 24 16 2 1 2 7 2 3 15 9 8 16 9 9 3 8 2 9 16 2 2 8 8 21 10 19 2 2 14 9 5 17 11 10 1 19 7 1 16 9 7 2 28 16 2 7 10 2 1 24 3 1 3 18 9 6 3 14 4 4 1 9 1 12 2 8 2 7 17 24 9 5 3 7 9 1 11 17 8 3 1 16 7 8 7 20 16 1 1 3 5 16 2 8 18 20 18 2 18 1 2 16 1 19 14 28 14 1 18 2 2 1 2 19 3 11 18 1 4 2 3 3 19 14 12 4 12 2 9 3 11 29 3 9 2 18 9 2 17 2 2 2 2 1 2 18 2 1 17 19 9 3 19 25 6 9 2 1 14 13 2 9 7 8 13 15 20 9 3 12 4 2 19 19 2 10 10 2 3 6 16 11 9 18 1 25 8 2 4 1 1 14 28 5 1 5 1 15 2 10 7 5 1 17 2 27 11 2 13 21 26 12 22 2 4 2 3 11 18 11 14 1 1 10 7 3 1 15 7 2 2 12 2 9 6 2 11 12 1 21 1 4 9 1 4 1 4 1 8 3 17 19 4 9 1 1 12 3 4 6 9 1 6 3 10 1 2 9 24 15 1 14 2 2 3 5 19 1 9 4 10 3 8 11 2 18 12 7 10 18 9 9 1 1 8 18 3 15 8 18 26 23 1 16 6 2 17 14 3 10 17 17 2 2 3 1 2 1 15 1 1 2 16 3 12 15 15 2 8 2 18 4 2 10 18 18 3 18 7 3 6 12 18 22 7 1 1 1 6 7 13 1 2 5 7 1 2 12 9 27 17 15 2 2 21 14 9 15 20 2 1 4 14 3 3 17 1 5 2 29 4 2 2 10 2 15 3 19 12 3 13 19 6 4 12 6 13 15 22 2 22 1 2 9 26 2 5 18 18 2 2 9 13 17 2 9 1 5 5 7 12 5 1 2 9 3 26 5 13 2 12 8 7 8 2 1 2 12 9 10 5 1 2 4 11 29 7 14 11 2 3 14 3 17 9 1 2 9 9 2 5 16 28 2 1 18 2 3 8 19 3 14 5 2 6 16 8 12 12 8 2 7 2 2 1 9 3 4 12 10 7 1 5 14 14 12 4 19 24 1 14 1 3 25 13 6 2 8 2 24 8 2 9 2 1 1 2 13 1 19 9 24 2 10 7 15 12 1 24 26 16 9 11 1 2 1 1 3 3 14 7 9 9 13 2 3 12 8 9 12 2 2 4 8 11 10 3 19 3 13 8 3 2 9 8 18 8 17 14 11 18 3 1 29 2 1 19 3 1 11 9 1 1 12 21 29 14 5 1 9 15 3 11 6 2 2 2 1 21 24 11 8 16 2 12 11 3 12 8 13 18 4 15 15 7 13 14 9 15 1 14 2 2 29 1 2 16 14 8 14 15 14 3 12 13 17 3 5 4 23 1 5 2 2 2 3 3 16 1 27 6 21 2 1 3 9 1 2 12 2 8 1 12 13 14 1 7 24 2 17 7 13 2 16 1 28 11 11 12 2 24 2 2 3 5 3 11 18 1 9 8 2 7 1 7 8 20 1 3 1 11 10 27 10 16 16 12 18 18 2 11 6 8 2 20 5 13 3 18 2 1 2 2 2 10 17 1 8 8 10 20 4 4 10 15 23 26 17 9 2 7 19 25 6 6 1 10 4 12 6 1 10 1 3 1 19 14 14 1 5 2 7 20 2 5 17 17 30 24 11 24 15 9 1 1 7 6 2 1 9 22 19 2 11 19 3 20 6 9 2 5 1 18 1 2 3 2 1 10 3 8 3 9 3 10 3 2 17 5 3 30 3 19 1 4 1 15 15 2 8 17 10 2 6 1 2 3 12 3 15 3 2 7 11 10 3 1 2 2 1 2 24 14 10 1 10 10 2 8 15 17 1 4 16 3 1 7 1 9 11 2 3 6 4 15 2 6 17 15 5 16 1 18 16 19 3 1 1 9 24 2 1 9 2 1 10 7 2 7 1 14 13 6 1 8 3 11 1 2 7 1 2 19 28 5 24 2 12 10 2 13 9 1 16 2 2 3 4 9 2 19 3 16 1 10 6 1 9 3 3 2 10 8 14 18 11 6 19 24 2 10 10 5 3 1 26 1 18 8 27 5 21 13 16 11 2 27 8 6 7 9 5 6 7 9 12 2 4 17 19 5 15 5 3 1 2 10 9 3 2 3 2 11 4 9 25 2 4 20 4 4 2 10 3 3 10 3 10 3 1 5 2 2 20 2 7 3 15 3 30 13 3 1 7 10 1 3 9 13 12 29 19 17 2 19 9 1 28 1 3 24 27 3 16 5 8 19 2 3 1 2 5 12 11 14 7 2 10 1 2 10 25 7 1 14 16 2 5 19 5 1 18 16 17 10 5 9 1 7 3 2 16 17 11 13 7 8 3 14 13 13 7 3 23 9 8 14 1 1 3 2 14 1 1 1 10 19 10 9 18 4 2 1 13 12 1 16 8 16 3 19 8 1 1 17 14 14 3 21 1 17 1 10 11 2 15 4 3 2 15 17 10 2 19 16 11 2 2 9 19 1 2 5 5 2 2 1 2 4 9 20 8
