B=30	N=900	M=3	Cbw=26434	Cpw=6430

Modes
mode base_power
G 10
R 25
P 50

Task types
type name modes
1 enterprise_emergency G|R
2 maritime_airborne G|R|P
3 cellular_backhaul R|P
4 private_high_priority P

The bandwidth capacity of 30 beams
774 1007 777 728 1093 986 774 886 825 762
890 970 978 999 1014 930 938 1003 969 842
803 728 674 1015 799 850 698 978 1005 739

The power capacity of 30 beams
201 228 215 212 209 228 215 174 229 169
183 228 236 242 254 225 205 235 178 233
214 198 249 179 230 185 200 237 184 255

The type of 900 tasks
3 3 3 1 3 3 3 4 4 1 2 1 2 1 1 1 2 2 3 1 4 1 1 1 4 2 1 2 4 2 2 1 2 2 2 1 3 1 2 4 3 1 1 3 1 4 1 2 2 2 3 3 1 3 3 1 2 4 1 2 3 2 3 2 3 4 1 3 3 4 3 3 4 1 2 3 1 3 1 1 2 3 4 2 3 4 3 2 4 3 1 3 4 1 1 1 2 3 1 1 4 1 1 2 3 1 1 2 2 2 2 2 1 1 1 4 3 4 1 2 3 3 1 2 2 2 3 3 4 3 4 1 3 2 3 4 2 3 3 3 4 2 2 1 4 4 1 2 3 1 1 2 2 2 1 2 1 2 3 2 1 2 4 4 3 3 2 2 3 1 2 3 4 3 4 2 1 1 3 2 1 3 4 1 2 1 1 1 2 3 1 2 1 1 1 1 2 4 3 3 2 4 1 3 1 2 3 1 1 1 1 3 2 1 2 3 1 2 3 2 1 1 2 1 1 3 1 1 4 2 2 2 2 3 3 2 1 4 3 4 3 2 1 4 1 3 3 1 1 1 1 4 4 4 3 2 3 1 4 1 1 4 1 4 1 1 1 3 2 2 2 1 1 2 1 1 1 1 1 3 3 1 4 3 2 1 2 2 1 3 1 3 3 2 1 1 1 2 1 1 1 2 1 2 1 2 2 1 1 1 4 2 1 4 1 1 3 2 4 1 3 1 4 1 2 4 1 3 1 4 3 1 3 1 2 1 3 1 3 4 4 2 4 4 1 1 1 1 4 2 2 3 3 2 4 3 3 4 2 2 1 1 1 1 4 1 3 1 4 4 2 2 3 3 4 1 1 2 2 1 3 2 1 1 4 1 3 4 1 2 2 4 3 3 1 1 4 1 3 3 3 2 3 1 1 2 1 3 4 3 1 2 2 2 3 2 2 3 3 1 3 2 2 4 4 3 1 3 1 2 2 3 1 2 4 2 1 1 2 3 1 2 2 2 4 1 3 4 1 2 2 3 3 2 3 2 2 2 4 1 1 2 1 2 2 2 2 2 3 1 2 1 1 2 2 2 3 1 4 3 1 4 1 3 4 1 1 4 2 3 1 3 3 3 1 1 4 1 3 1 3 3 1 1 2 1 3 3 1 4 2 1 1 1 1 4 3 3 2 4 2 1 2 4 1 1 4 2 3 1 4 2 4 4 4 2 3 3 4 1 2 1 1 1 1 2 2 3 1 2 3 3 1 2 3 2 1 1 3 2 1 3 4 2 1 1 4 1 4 2 1 1 1 1 3 3 1 3 2 4 1 1 4 3 3 3 1 3 2 1 4 4 3 1 1 3 2 3 3 2 1 1 2 3 3 1 3 4 4 3 1 2 2 3 1 1 3 2 3 1 2 1 4 1 2 3 3 3 2 1 4 3 2 3 1 1 1 1 1 2 1 2 3 1 1 1 2 3 1 1 2 2 2 4 2 1 3 2 1 2 3 2 1 1 1 3 1 2 2 1 2 3 2 1 1 2 1 1 1 1 2 1 2 2 4 3 2 3 4 2 1 2 1 3 4 4 1 3 3 3 1 2 4 2 1 4 1 4 2 2 4 1 3 3 3 3 3 3 4 1 1 1 4 1 2 1 3 2 4 3 3 1 1 2 3 3 3 4 2 2 1 3 3 1 2 2 2 1 3 2 1 1 3 3 1 3 1 2 2 3 2 2 4 1 1 3 4 1 4 1 4 1 2 2 3 1 1 3 1 3 1 1 4 1 2 2 2 1 3 2 1 3 4 1 1 1 4 1 3 1 4 2 1 1 2 4 3 3 4 3 3 3 2 1 3 4 2 3 3 4 4 3 1 4 3 1 2 1 1 1 3 4 3 4 2 2 4 1 3 2 2 3 2 3 4 4 2 1 3 1 1 3 3 2 4 4 3 2 1 1 4 3 2 1 4 1 1 2 4 1 1 3 4 3 1 1 3 3 1 1 3 1 1 2 3 1 1 1 1 2 1 1 2 1 3 3 2 4 3 3

The profit of 900 tasks
103 142 148 43 180 127 163 254 276 43 75 25 109 46 46 59 92 90 180 58 267 27 39 52 202 115 56 116 229 89 73 51 104 111 103 53 143 33 99 313 176 41 60 151 24 252 48 118 74 52 169 115 26 168 142 28 89 201 23 104 143 66 101 77 160 279 32 125 182 243 158 198 265 43 112 116 50 138 30 36 80 189 278 58 134 307 126 98 255 137 49 104 239 40 43 30 51 199 43 57 258 27 50 69 115 39 21 56 102 69 73 120 48 24 32 350 104 291 26 58 161 198 45 57 104 111 200 175 326 102 322 26 175 119 147 186 61 145 181 143 220 70 55 50 208 223 36 117 129 53 48 79 67 62 20 84 49 106 149 112 34 118 199 244 152 159 60 96 109 29 104 114 297 125 294 85 27 41 170 84 30 135 255 24 50 29 41 38 108 174 57 118 47 24 52 38 59 330 118 117 79 293 29 196 57 118 166 54 20 48 28 113 101 48 69 189 23 59 128 100 25 37 112 31 33 141 36 53 310 87 78 79 75 100 111 110 38 215 177 331 144 75 57 311 58 129 167 24 21 37 27 342 287 256 106 58 126 44 188 20 43 254 55 209 47 25 29 139 52 105 78 22 56 64 58 33 50 44 58 161 188 50 350 198 72 28 68 78 48 107 21 198 109 109 50 45 36 64 59 39 35 77 33 85 44 56 63 39 35 38 334 100 31 221 53 60 110 81 331 53 180 38 294 26 66 190 54 123 27 263 132 60 189 28 53 26 141 52 195 191 245 52 290 262 31 21 54 60 335 88 68 108 140 73 293 165 111 274 74 116 52 22 46 56 339 50 173 39 325 344 63 114 165 118 204 35 56 72 75 53 192 75 24 46 306 40 158 186 22 94 119 328 122 140 42 25 186 51 188 164 105 93 130 44 45 96 28 145 232 136 59 84 79 79 187 114 84 120 143 40 135 102 91 253 316 171 28 124 60 61 73 165 28 88 187 91 42 40 94 127 42 91 60 115 217 43 174 270 45 112 100 152 176 105 102 72 106 120 302 50 37 94 25 99 117 109 107 105 154 58 119 60 28 107 62 107 141 50 213 199 33 260 39 181 259 46 60 231 74 133 47 192 104 177 21 50 308 53 102 55 121 114 24 20 67 46 159 110 55 244 116 35 60 45 55 344 160 144 54 291 117 55 84 231 27 43 279 90 126 26 276 71 265 337 267 87 116 196 182 32 107 46 37 35 58 80 61 149 25 69 142 127 36 75 196 98 50 36 120 59 32 129 250 119 40 44 336 24 276 78 45 24 47 60 101 199 23 115 68 264 47 32 253 194 159 168 27 191 88 23 208 267 197 47 33 132 93 190 139 92 22 53 55 181 116 36 127 347 347 140 31 100 56 166 51 46 174 93 194 21 73 32 223 54 120 106 133 117 52 30 320 131 61 196 23 40 27 21 40 66 44 64 121 45 41 27 67 130 48 27 94 113 54 274 53 20 119 111 50 107 140 54 21 59 20 164 51 117 54 23 76 111 76 47 43 111 22 50 26 47 107 31 61 116 304 188 79 102 289 78 47 72 36 179 228 334 41 196 149 147 59 86 270 103 26 299 33 309 85 111 345 46 128 119 152 132 193 101 203 36 54 46 224 46 95 60 126 76 265 127 183 41 51 82 179 104 131 293 89 108 26 172 168 42 59 118 84 59 175 52 37 28 158 126 39 155 51 56 82 200 58 57 241 50 43 189 262 35 311 57 315 43 80 67 124 36 54 133 26 195 51 46 290 48 90 78 74 23 200 106 45 118 251 53 43 32 202 59 159 36 251 85 27 35 97 311 198 163 305 153 161 106 71 30 196 240 68 155 149 245 290 153 44 298 157 37 80 57 23 57 177 208 189 248 104 58 196 41 135 67 107 157 59 175 338 323 118 53 104 47 41 152 108 75 231 322 133 107 22 27 188 130 58 24 188 47 30 110 230 27 29 137 294 104 57 48 164 152 43 33 146 46 48 78 192 40 24 27 37 101 33 44 114 33 188 126 94 297 123 195

The bandwidth demand of 900 tasks
74 90 98 5 59 91 97 87 49 2 26 2 11 8 3 6 13 39 69 7 42 2 4 3 86 33 8 37 102 27 27 5 31 27 28 3 52 7 24 99 70 5 4 68 7 69 5 34 29 26 83 88 5 62 98 4 20 90 3 34 82 19 95 11 75 75 8 93 62 113 74 62 108 5 23 73 7 91 7 4 40 71 94 11 99 115 83 26 82 59 7 55 101 4 7 4 32 98 7 7 62 8 5 40 77 4 4 19 24 27 11 17 2 6 7 73 70 72 8 25 88 87 7 11 22 38 90 96 53 50 42 4 83 21 62 101 24 62 98 52 119 17 31 4 57 99 2 28 92 7 3 22 40 12 8 11 8 12 97 29 8 33 93 61 93 92 27 30 84 8 22 51 78 53 66 14 5 6 55 39 4 94 95 5 25 4 7 6 26 74 5 18 3 3 7 3 22 94 57 73 22 73 3 60 7 35 91 5 4 5 7 92 24 3 36 88 8 32 81 23 6 6 10 3 2 89 3 6 46 18 39 25 15 80 94 14 7 50 91 67 60 30 5 40 6 88 58 7 2 7 7 42 115 57 71 34 90 6 100 5 7 41 7 81 3 3 7 61 11 11 27 5 2 34 5 7 7 5 4 53 84 7 80 86 10 8 14 19 7 62 6 86 52 12 3 7 8 35 2 7 7 12 5 14 7 21 29 6 8 4 73 39 8 103 5 3 60 36 97 6 62 7 72 5 21 105 6 90 4 76 92 3 51 3 16 4 81 3 68 95 64 29 44 106 4 7 5 6 67 12 32 57 65 29 63 81 57 70 30 15 8 2 7 7 77 3 93 7 48 86 12 34 58 59 73 3 3 30 32 5 81 39 5 5 56 7 64 88 3 11 35 116 75 90 7 4 93 7 91 88 91 16 69 8 5 32 3 72 89 84 7 37 19 16 74 31 28 92 61 8 75 22 32 116 104 84 2 94 6 31 33 63 7 30 48 39 3 4 13 91 4 28 39 16 68 2 87 90 5 28 17 73 93 17 64 24 24 30 114 8 3 37 7 35 19 30 29 30 52 3 28 5 6 39 16 13 91 3 87 70 4 94 7 56 100 3 4 49 19 74 3 86 92 55 2 5 56 6 97 5 91 84 7 6 32 2 59 93 4 81 30 6 4 4 3 97 95 56 13 109 27 4 12 52 6 3 81 30 60 7 70 17 60 107 110 32 70 72 74 4 40 3 7 5 4 32 19 69 4 17 85 73 4 10 61 37 5 8 62 34 5 86 71 17 6 5 48 8 44 26 5 5 7 5 85 75 2 68 26 40 6 6 114 90 80 93 8 56 11 7 68 101 81 7 7 51 28 58 94 12 5 6 14 80 71 5 71 46 54 61 4 37 17 90 6 7 82 11 96 4 15 7 117 3 14 63 73 68 21 7 56 61 25 61 8 6 6 8 2 27 6 25 79 6 3 6 33 63 3 3 35 36 25 92 39 6 52 39 6 25 64 24 5 6 4 66 4 29 31 8 26 95 37 6 3 29 7 3 3 5 14 3 30 26 88 73 27 92 60 20 6 12 7 59 69 70 8 59 81 71 4 25 53 12 5 93 5 84 33 39 78 8 95 57 58 84 64 62 81 4 6 3 65 4 32 8 72 15 61 56 78 8 7 37 70 94 61 107 19 38 4 93 81 6 31 38 23 3 86 26 2 2 75 63 5 62 6 13 20 80 13 14 91 7 6 61 49 3 68 6 116 5 39 25 86 3 3 76 2 84 3 4 54 3 37 23 30 4 54 34 5 91 87 5 5 4 105 7 81 5 82 33 7 7 11 76 50 85 106 62 60 90 37 8 62 88 36 73 95 117 115 82 4 99 73 7 21 5 5 4 89 75 83 76 14 21 91 5 85 16 30 72 17 63 87 70 29 5 77 5 3 96 78 24 90 117 97 28 6 7 107 97 12 7 118 4 5 22 74 5 6 86 87 94 7 6 100 74 4 2 55 6 7 17 85 4 6 7 7 27 4 7 16 8 52 75 36 84 98 80

The power demand of 900 tasks
9 18 13 2 12 12 18 23 16 2 7 1 7 1 1 1 6 8 9 3 23 2 2 2 13 10 2 8 22 9 6 1 5 7 4 1 14 1 5 11 12 1 3 14 2 21 1 8 10 10 15 12 3 11 11 2 7 22 1 10 13 5 11 9 19 20 2 14 14 27 20 15 18 1 9 15 1 12 2 1 6 19 27 7 15 20 14 8 17 13 2 18 12 3 2 2 6 14 2 2 19 3 1 8 13 1 2 7 4 4 9 7 3 3 2 22 10 10 2 9 19 9 1 4 4 7 10 13 12 11 12 3 8 5 14 21 6 12 20 14 12 4 6 3 15 15 2 10 15 3 3 10 7 4 3 9 2 5 12 7 3 9 14 13 20 12 5 8 16 2 7 14 12 8 13 7 2 2 19 4 3 13 13 2 4 2 1 2 10 13 1 6 1 2 2 3 9 28 14 9 9 26 1 16 1 4 17 1 2 1 1 12 7 1 6 15 3 7 14 5 2 3 9 2 3 11 2 1 23 3 5 6 9 10 18 7 1 15 16 17 12 5 2 15 3 18 19 3 1 1 2 27 23 18 14 7 18 3 26 1 3 11 2 19 2 1 1 8 7 4 6 2 3 5 1 1 2 2 2 16 16 3 18 17 5 1 8 4 2 10 3 8 16 7 2 1 3 4 1 3 2 7 2 10 3 8 3 1 1 3 28 8 2 10 2 3 15 6 27 3 18 3 24 2 9 17 2 13 1 18 16 1 12 2 9 1 14 1 11 16 26 5 20 29 2 1 3 3 11 7 8 19 11 9 15 18 13 17 3 6 1 3 1 1 12 1 11 2 24 28 9 10 10 10 22 1 1 5 8 3 17 7 2 3 17 3 14 12 2 5 3 29 10 13 1 1 11 2 13 19 14 6 9 1 1 10 2 18 28 14 2 10 10 6 19 7 3 9 17 2 16 7 7 13 26 15 2 17 1 4 6 8 1 8 20 5 3 1 7 18 1 4 7 6 19 2 12 21 3 7 9 15 9 4 16 4 4 6 14 1 1 5 3 4 3 10 6 7 8 2 7 2 2 4 8 5 13 2 27 20 2 23 3 13 20 2 1 21 7 19 2 17 18 14 1 2 18 3 15 2 13 10 1 1 8 1 19 16 1 10 6 1 1 2 2 13 9 18 9 20 7 1 8 15 2 1 12 4 20 1 28 7 29 18 23 5 13 9 17 1 4 3 2 1 3 9 7 13 2 8 18 12 2 10 9 7 1 1 19 5 1 10 20 4 2 2 27 1 22 6 2 1 1 2 12 10 2 10 5 17 2 1 29 16 14 15 2 17 5 1 13 20 10 2 2 9 3 11 18 5 1 3 7 17 14 2 15 23 11 18 1 3 5 9 2 2 19 10 18 2 9 1 20 2 7 13 18 14 3 2 29 13 10 16 1 1 2 2 2 4 3 6 17 2 1 3 3 15 1 1 9 6 9 21 8 2 9 9 2 10 9 8 3 1 1 16 3 6 10 3 4 12 8 1 3 3 2 3 1 1 4 1 9 10 17 17 10 15 24 6 2 8 1 13 22 12 2 14 18 13 2 3 26 5 2 15 2 11 4 7 27 1 16 9 19 14 14 10 21 1 1 3 16 1 4 1 12 4 21 16 18 2 1 8 19 15 11 27 3 7 1 14 18 3 8 7 3 3 15 8 2 1 20 15 1 8 2 4 7 11 4 6 23 1 2 9 24 3 24 2 28 2 10 7 9 1 2 16 2 15 2 1 20 2 8 3 5 1 12 4 2 10 21 1 1 3 26 1 13 2 22 9 2 2 7 24 9 11 17 17 16 11 3 1 18 22 5 17 9 14 10 12 2 21 11 1 9 3 1 2 13 13 14 21 6 5 11 2 16 3 4 15 8 8 21 27 10 3 19 2 3 17 16 7 12 25 19 9 1 2 30 15 9 2 28 2 1 6 19 3 3 9 17 11 3 2 16 11 2 2 15 1 2 7 11 2 2 2 1 5 3 1 9 2 9 8 9 26 16 14
