B=90	N=2700	M=3	Cbw=78727	Cpw=19527

Modes
mode base_power
G 10
R 25
P 50

Task types
type name modes
1 enterprise_emergency G|R
2 maritime_airborne G|R|P
3 cellular_backhaul R|P
4 private_high_priority P

The bandwidth capacity of 90 beams
902 809 1034 776 748 1001 980 1049 866 1032
797 878 1023 989 981 850 975 1003 771 1039
1042 1066 1053 814 769 751 728 720 815 989
866 764 883 787 889 741 1038 1017 1058 911
992 860 897 1019 972 659 1039 650 862 650
796 737 652 828 1030 999 956 824 671 724
748 1069 677 901 669 796 1039 1025 746 714
1005 733 1024 1010 762 850 1023 666 697 830
1021 1035 772 856 692 1005 854 687 762 1038

The power capacity of 90 beams
195 248 176 252 243 240 171 211 244 220
174 204 222 232 182 168 197 272 190 242
179 225 236 192 274 182 209 276 224 249
169 188 204 257 188 206 188 189 251 177
181 268 260 167 269 188 185 178 260 250
213 171 270 205 167 212 193 187 190 270
230 252 260 206 234 193 247 191 173 250
233 209 195 174 270 245 270 248 262 178
252 249 194 190 270 212 179 214 219 198

The type of 2700 tasks
4 2 3 3 3 3 3 1 1 2 1 2 3 2 1 3 2 2 2 1 1 3 1 1 1 2 1 1 3 1 2 3 2 1 1 1 3 1 4 1 1 3 1 1 2 1 3 1 3 1 1 2 1 1 3 1 2 1 1 3 3 3 2 4 3 3 1 1 1 4 3 2 1 2 1 1 1 3 1 1 1 1 2 1 1 2 2 2 3 2 1 4 4 2 1 1 3 1 3 2 3 1 4 1 2 4 4 4 1 2 1 3 3 2 2 2 2 4 3 3 1 4 1 2 2 1 4 1 1 3 1 3 4 1 1 1 3 4 1 1 1 1 1 4 1 2 4 1 3 3 2 1 1 2 3 3 3 3 2 2 1 3 4 2 2 1 1 2 2 3 3 1 2 4 2 1 4 1 1 2 3 1 3 3 2 4 1 1 3 3 1 4 2 1 2 2 1 3 1 3 1 1 2 3 1 3 1 1 2 4 1 1 2 2 3 4 4 3 1 2 1 1 1 4 1 4 2 4 3 4 2 4 1 1 2 1 3 1 2 1 2 4 2 1 3 3 2 1 3 3 4 2 3 1 3 1 2 2 1 3 2 1 1 1 4 4 4 2 1 1 1 4 1 4 2 1 2 3 1 1 3 1 3 1 1 4 1 3 1 1 2 1 3 3 3 2 2 1 2 1 2 2 1 3 1 1 3 2 1 4 4 3 3 2 1 3 1 4 2 3 1 1 1 1 3 2 4 1 1 1 3 1 1 2 3 4 3 3 2 2 4 3 4 3 4 2 4 3 1 1 3 3 3 1 2 3 1 2 1 2 3 3 1 3 3 3 2 3 2 2 4 1 1 3 4 1 3 1 1 3 1 3 4 3 4 4 2 4 2 4 4 2 2 2 2 4 1 3 1 2 1 2 1 3 4 1 2 3 1 1 1 3 1 4 1 1 3 1 1 3 3 2 1 3 3 1 2 1 1 3 2 1 3 1 3 2 4 2 1 2 2 1 1 1 4 1 3 3 2 3 3 4 4 2 2 4 4 3 2 2 2 3 3 1 3 1 1 1 1 2 1 3 2 1 1 4 3 3 3 2 3 1 3 3 1 3 4 1 2 3 1 1 4 4 2 2 2 1 1 2 3 2 1 1 4 1 1 3 4 1 3 1 2 1 4 1 3 2 1 3 3 3 1 2 2 1 3 1 2 4 3 2 4 3 1 3 1 2 2 4 2 1 2 3 2 3 2 1 1 3 3 1 1 2 4 3 3 2 2 3 1 3 2 2 3 3 3 2 1 1 1 1 2 4 3 2 2 3 4 1 2 1 3 3 3 4 2 4 2 3 2 1 3 1 3 1 1 3 2 3 3 3 1 3 2 3 4 2 2 1 1 3 4 4 2 1 2 4 2 3 1 1 1 2 1 1 3 4 2 3 1 1 1 2 2 1 2 1 3 3 3 1 1 1 1 2 2 4 1 1 2 3 2 2 1 1 3 1 1 4 1 2 2 1 4 3 3 3 1 4 2 3 1 1 3 3 1 1 1 4 1 2 1 1 3 3 3 4 3 3 1 1 2 4 3 1 3 3 3 3 2 4 3 2 1 2 2 3 1 2 3 2 4 1 4 1 1 3 1 1 1 1 3 2 3 2 3 2 2 1 3 1 2 1 1 2 1 4 4 3 1 3 4 3 4 3 3 3 2 3 3 1 1 4 3 4 4 1 2 2 1 4 3 2 2 1 1 4 2 3 3 3 3 3 4 1 4 1 1 1 4 3 3 4 2 3 4 3 2 1 2 1 2 4 3 1 2 2 1 3 3 1 1 1 3 1 3 1 2 2 1 1 1 3 2 1 2 4 3 1 2 2 1 2 3 1 1 1 2 1 4 2 1 3 1 1 1 1 4 1 2 3 1 1 2 2 2 2 3 2 1 1 4 1 2 1 4 2 4 2 1 1 1 3 4 2 4 4 1 1 4 2 1 2 3 4 1 1 3 3 1 3 4 4 3 1 3 4 2 3 1 4 4 2 2 1 2 1 1 2 3 2 4 4 2 1 1 2 2 2 2 1 4 3 2 2 3 3 3 1 3 4 1 1 1 1 2 2 4 2 2 1 2 2 1 4 2 1 1 4 3 3 1 2 4 1 2 2 1 3 1 3 4 1 2 2 4 2 1 1 1 4 3 4 3 4 2 1 3 4 1 2 2 1 1 2 1 3 2 4 3 3 2 1 2 4 4 1 3 3 1 1 2 3 3 1 1 1 1 1 1 1 1 1 3 4 1 2 1 3 1 4 4 3 1 3 3 4 1 3 4 2 1 2 4 2 3 1 3 3 3 3 1 4 1 1 1 2 3 1 2 4 1 1 4 1 1 4 3 2 4 1 3 1 3 3 1 1 2 1 1 2 1 1 1 2 1 2 3 1 1 2 3 2 2 3 1 4 2 4 2 3 1 2 3 3 1 4 3 4 1 1 1 4 3 3 4 3 1 1 3 2 1 3 2 1 1 1 3 1 3 2 3 4 2 4 1 2 3 2 1 1 2 2 2 1 2 3 1 1 1 1 4 3 2 2 2 2 1 3 4 1 3 1 1 2 3 3 2 4 1 3 3 3 1 2 1 1 2 1 1 1 1 4 1 4 3 2 4 4 3 3 4 2 1 1 2 3 2 1 2 2 1 1 3 3 4 1 4 4 3 3 4 3 2 2 1 3 3 3 3 3 2 1 3 4 1 2 1 4 2 3 2 1 2 1 2 1 2 1 1 4 3 1 1 4 3 1 2 1 1 1 4 3 1 2 3 2 4 1 1 2 2 1 4 2 3 2 2 1 1 1 1 4 3 1 1 3 4 3 1 3 1 2 3 3 4 4 2 3 2 4 3 1 2 1 1 3 4 2 1 3 1 4 4 2 3 4 1 1 1 2 4 4 3 1 1 2 4 1 1 1 3 3 4 1 4 1 3 3 3 2 2 3 4 1 2 1 1 1 1 4 1 1 2 2 1 1 1 1 4 1 2 2 4 1 2 1 2 2 3 1 4 1 1 3 3 4 3 1 1 1 4 2 1 4 1 3 2 2 3 1 2 4 1 1 4 2 2 2 1 1 1 1 4 1 3 1 1 3 1 3 2 3 3 3 4 4 3 3 1 4 1 2 2 3 1 3 1 1 1 4 2 2 1 2 4 1 4 1 2 1 4 3 4 3 1 4 3 1 1 2 2 3 3 1 1 1 1 1 1 1 1 2 3 2 4 1 3 3 3 3 1 1 4 2 1 2 1 1 1 2 2 2 1 3 1 2 3 3 2 3 4 2 2 4 2 3 3 1 1 1 2 2 1 1 2 1 1 2 3 2 1 2 2 4 3 2 2 1 1 3 3 2 3 1 1 3 4 1 3 4 2 2 4 3 1 2 2 4 2 2 1 2 2 3 4 1 1 2 3 1 4 3 2 1 3 1 4 2 2 1 3 1 2 1 2 4 1 1 1 2 3 1 2 3 1 3 1 2 2 2 1 4 3 1 1 2 3 1 1 3 2 3 1 4 3 1 1 4 2 1 2 1 3 2 3 3 3 3 2 3 3 1 1 1 2 3 4 2 1 4 1 4 3 1 3 1 1 2 1 2 2 3 3 3 3 2 1 4 2 4 2 4 3 2 1 3 3 3 2 1 2 3 3 4 3 3 4 3 1 1 2 2 1 1 2 1 1 1 2 3 2 1 3 1 1 4 1 3 1 1 2 1 1 2 1 2 3 1 1 1 3 3 3 4 1 1 2 2 1 4 1 2 2 1 1 2 2 2 2 3 1 1 2 1 1 2 4 3 1 1 4 4 2 3 2 1 2 1 1 3 1 2 3 1 4 1 2 1 2 3 3 2 1 1 1 2 2 2 4 2 1 2 3 1 1 2 3 2 3 3 3 2 3 3 3 3 3 2 1 2 3 3 4 1 4 2 4 3 3 4 1 2 1 2 1 4 3 2 2 4 2 3 3 2 3 2 1 1 3 2 4 3 1 1 1 3 1 3 4 1 3 1 2 1 4 1 4 1 1 3 3 1 3 1 1 1 1 1 1 2 4 1 3 3 2 3 2 3 1 2 2 2 2 1 2 2 4 2 3 1 2 1 3 2 2 1 1 4 1 3 1 2 3 2 1 2 1 4 3 1 4 4 1 2 4 2 2 3 1 3 3 3 1 2 3 2 3 1 2 4 1 1 4 3 1 2 1 1 1 4 3 1 4 1 2 3 4 3 2 3 1 1 2 4 3 2 4 4 1 3 1 1 1 1 1 3 1 1 2 1 3 4 3 3 3 3 3 3 1 2 3 2 1 2 3 1 2 1 1 1 4 2 2 3 1 1 2 4 1 3 1 1 2 3 1 3 3 4 1 1 3 2 3 4 1 1 1 1 1 2 1 2 3 1 3 1 4 1 1 1 4 4 3 4 2 1 2 2 3 2 1 3 1 4 4 2 3 1 3 4 1 4 3 3 3 2 2 3 3 3 1 3 3 1 2 1 2 4 3 4 4 2 3 3 4 2 1 4 4 3 3 2 1 2 4 1 1 1 3 1 1 1 4 1 2 3 2 1 4 3 3 2 4 2 1 1 3 2 3 3 1 2 3 3 3 2 1 4 1 2 2 2 1 4 4 1 2 3 1 3 2 1 3 3 2 3 3 3 2 1 1 3 2 2 3 2 2 2 1 1 3 2 2 1 2 1 3 4 1 1 2 2 3 4 1 4 3 2 2 4 3 4 2 2 1 2 4 4 1 4 1 3 1 4 2 3 1 3 1 3 4 1 3 3 3 2 2 2 1 2 2 1 3 1 4 2 1 2 2 1 3 3 3 3 3 2 2 1 2 1 1 1 3 3 2 2 1 1 2 3 2 4 3 3 3 1 2 2 2 1 1 1 1 2 1 1 1 3 4 1 1 4 4 1 4 1 2 1 2 3 3 3 1 4 3 1 1 1 1 1 1 2 3 3 1 4 4 2 4 3 4 3 1 4 2 1 2 1 3 2 2 4 4 2 1 2 4 2 4 4 1 4 1 1 2 2 3 1 3 4 3 4 1 1 1 2 1 2 3 4 3 1 4 3 2 3 1 1 3 2 2 3 2 2 3 3 1 1 3 2 2 2 1 1 3 3 2 4 1 2 1 2 4 3 4 3 3 1 4 3 2 2 4 4 2 3 2 2 3 4 2 3 2 2 3 3 1 1 3 4 4 1 3 1 1 3 4 2 2 2 3 2 1 4 2 3 4 2 2 2 1 3 2 3 4 4 3 1 1 2 3 1 3 2 1 1 1 1 1 4 3 1 3 3 2 4 4 1 4 2 3 2 4 3 2 2 4 1 2 1 1 2 1 1 2 3 1 1 1 1 1 4 2 4 1 2 4 1 1 1 2 4 4 1 3 2 1 1 1 4 4 4 2 3 3 4 1 3 3 1 1 2 1 1 2 2 1 1 3 4 4 3 3 1 2 4 1 3 1 3 3 1 1 1 3 2 2 4 3 1 1 2 2 3 1 2 3 4 4 4 4 1 4 4 1 1 4 3 3 2 1 4 1 4 1 1 4 4 4 1 3 1 4 3 1 1 1 2 1 3 2 3 4 1 3 2 2 3 1 2 4 4 1 1 1 2 4 4 1 2 1 2 3 2 2 3 2 2 1 2 3 1 1 4 2 2 4 2 1 2 1 1 4 2 3 1 2 1 4 3 4 2 1 1 4 3 1 4 3 3 2 3 1 3 4 3 1 1 1 3 2 1 2 4 1 1 2 3 3 4 3 1 2 3 2 1 1 2 2 1 1 1 3 3 1 1 3 1 1 3 3 1 1 3 1 2 4 1 2 4 3 1 2 3 4 1 2 3 2 3 2 3 2 4 2 1 3 1 1 4 4 1 4 1 2 2 1 2 1 1 4 2 3 3 2 1 3 1 1 2 2 1 1 2 1 1 2 2 3 3 2 3 4 4 4 3 2 3 3 2 1 2 2 2 3 1 2 2 3 2 3 3 2 2 4 3 2 1 3 2 4 2 2 2 1 1 3 2 2 3 1 1 3 3 2 4 3 3 1 1 2 3 1 2 2 4 3 4

The profit of 2700 tasks
200 117 166 137 180 167 155 38 59 69 26 68 107 68 41 199 114 119 117 30 21 178 53 55 41 63 49 43 108 52 117 150 54 41 43 42 111 47 348 49 26 153 33 20 107 30 108 20 149 46 24 116 41 36 169 38 76 44 55 198 149 195 54 258 108 145 56 40 23 257 189 116 29 87 22 57 59 193 32 31 30 43 56 59 47 118 57 90 145 54 23 279 333 106 43 25 158 40 116 105 128 46 345 60 57 233 343 193 57 82 56 164 104 116 105 60 120 248 151 129 50 217 21 54 119 35 292 44 30 144 48 141 291 41 31 56 142 246 58 23 45 45 51 235 27 115 214 42 101 178 88 58 53 56 152 184 133 106 69 59 60 193 343 81 50 32 37 102 111 162 116 20 71 256 81 29 182 38 32 71 153 31 126 151 50 206 55 49 116 168 37 327 60 39 69 106 34 146 40 176 25 59 77 108 39 115 26 22 78 267 31 56 111 85 157 192 236 190 44 78 36 45 22 334 26 207 66 291 102 286 73 297 60 37 67 32 104 37 82 51 51 224 57 41 168 111 68 20 104 105 315 63 199 56 109 58 59 64 58 179 116 35 23 25 189 268 277 99 25 52 27 201 55 231 106 27 107 119 51 60 198 45 138 26 28 343 49 158 54 30 54 47 103 183 184 63 81 36 103 32 56 68 47 120 24 28 121 71 32 180 197 153 157 102 54 140 27 231 68 101 38 30 31 22 108 101 309 47 60 39 139 56 40 90 103 185 140 177 73 52 299 121 189 110 196 113 233 200 32 56 195 168 131 34 98 181 46 52 44 110 184 186 20 143 102 162 117 103 60 61 348 51 35 111 304 52 196 39 45 160 24 134 319 104 306 229 51 224 118 192 321 119 105 64 68 194 54 182 59 91 52 88 55 115 333 35 100 112 55 29 57 154 50 182 32 45 190 22 27 137 141 108 25 102 158 42 119 44 41 175 102 40 120 30 192 105 260 87 21 92 61 24 26 43 248 22 154 127 76 167 111 215 242 118 91 185 295 112 102 97 55 183 106 47 157 52 35 49 37 64 27 164 60 57 41 214 110 186 141 85 153 25 101 195 38 118 300 38 86 123 56 55 215 214 71 74 106 38 38 71 153 66 52 52 247 24 51 164 239 35 166 44 114 41 307 49 126 57 55 119 194 189 25 63 54 26 190 60 51 322 193 51 320 164 57 150 32 50 82 196 80 35 112 194 83 197 52 45 53 117 185 42 24 50 311 198 124 86 58 113 35 104 65 105 123 141 175 88 41 44 41 49 100 241 166 63 60 153 346 41 76 40 118 102 116 264 90 189 61 103 97 58 128 28 193 21 21 125 99 180 150 105 53 125 79 144 231 120 86 24 20 188 263 319 82 42 98 336 95 194 22 43 21 57 59 46 163 285 96 183 41 22 52 72 51 47 110 45 156 147 101 47 39 58 31 50 61 313 24 49 52 181 70 114 22 34 191 24 31 256 25 75 104 59 332 197 152 129 25 315 61 150 45 25 114 133 33 40 49 182 57 119 20 59 104 109 100 238 181 142 53 26 112 230 169 35 192 156 142 144 92 185 158 50 56 97 72 198 26 89 187 66 211 58 350 49 44 129 45 26 36 20 199 102 125 88 179 64 55 51 183 31 51 32 30 95 60 333 283 180 58 107 184 105 228 129 129 139 56 133 145 58 38 236 178 191 335 42 115 74 50 285 156 98 114 58 38 280 55 105 191 130 198 117 294 33 216 53 27 26 236 121 199 333 118 167 339 143 82 38 61 26 113 265 130 27 78 95 43 135 170 40 53 29 116 20 197 35 69 74 42 50 59 189 99 22 116 340 101 48 64 60 28 86 178 49 38 52 85 25 302 102 56 145 54 40 43 50 226 34 77 118 39 33 106 93 52 59 112 87 47 50 323 52 99 60 221 73 249 86 39 34 54 175 284 96 247 343 59 32 237 96 53 95 137 311 40 54 131 127 56 154 257 221 118 56 174 242 53 167 32 283 276 109 75 36 85 23 34 117 127 84 272 259 56 39 40 97 50 102 106 60 316 173 80 74 117 126 153 55 146 194 58 31 35 42 115 100 278 101 110 32 65 65 59 202 113 22 48 294 179 119 45 106 185 46 98 83 43 168 51 148 207 60 81 103 321 118 55 27 31 298 153 339 146 311 106 44 164 285 27 79 66 48 38 100 44 112 74 249 141 118 50 34 67 244 320 33 189 161 57 57 77 131 180 21 52 33 23 34 37 30 44 51 120 247 49 61 22 181 49 252 225 198 55 113 182 283 43 109 313 58 23 96 237 107 147 44 156 111 132 100 51 224 56 42 36 103 169 24 83 336 27 44 226 44 24 273 113 116 251 28 167 60 113 159 55 30 64 58 50 114 54 43 21 51 39 116 118 33 50 114 100 91 84 188 51 279 96 226 94 187 39 87 154 123 38 262 121 262 40 33 43 250 195 121 249 191 29 50 120 56 38 174 69 35 47 20 138 50 130 89 136 232 82 279 36 53 196 67 31 32 53 73 65 35 89 157 58 46 33 50 295 147 90 85 60 86 43 159 337 38 161 37 48 96 139 101 98 251 23 129 141 122 23 62 51 42 108 35 37 27 25 270 55 213 111 107 190 262 132 113 227 88 32 31 90 166 107 59 119 118 33 23 169 121 212 25 251 215 166 135 326 191 83 66 40 176 189 102 146 173 71 22 111 229 35 101 52 185 90 162 72 37 88 31 113 55 106 58 20 244 146 24 50 323 178 50 56 50 51 46 336 150 21 114 104 97 295 55 40 93 65 36 213 81 198 120 118 24 33 33 53 273 138 57 20 154 311 198 52 171 50 51 123 167 266 277 65 193 64 185 195 36 97 48 51 148 244 58 52 114 46 294 319 55 170 309 45 52 42 86 340 188 188 46 37 120 301 58 38 24 102 121 336 34 238 47 172 128 200 111 103 160 336 44 84 60 45 25 28 260 53 52 68 98 40 37 37 38 181 49 96 76 314 25 93 56 113 56 182 59 262 27 22 154 173 258 168 49 46 60 254 63 48 305 40 125 97 98 176 51 79 313 55 48 266 119 114 117 46 24 54 49 304 49 133 55 28 136 40 137 61 101 102 149 343 199 133 178 32 294 58 104 54 155 50 121 51 60 27 330 108 50 43 62 210 48 227 42 65 54 298 108 343 126 59 306 200 34 36 84 68 150 174 39 45 38 57 27 37 53 47 67 116 92 258 23 195 158 191 172 48 26 182 55 49 58 25 60 22 75 112 68 31 177 56 116 123 115 54 165 227 91 55 255 117 173 138 40 25 22 100 100 56 54 115 35 39 107 164 107 60 86 120 269 152 109 82 49 40 130 148 99 109 43 54 197 239 46 152 326 90 108 323 135 47 52 90 249 96 96 53 57 109 185 328 53 55 96 145 50 222 110 93 49 192 40 323 107 61 55 113 26 56 32 93 235 25 24 21 101 154 51 75 108 53 197 55 118 50 106 33 205 164 35 58 95 100 34 36 128 72 169 29 343 179 25 31 249 97 49 57 22 136 70 152 116 192 191 53 159 111 27 42 28 70 138 207 113 20 230 57 219 122 25 166 21 41 65 37 71 94 113 193 113 116 61 33 281 55 256 104 304 147 109 55 117 121 161 86 60 100 143 200 223 169 100 338 151 22 40 112 81 58 33 53 36 37 21 52 193 96 50 140 59 46 193 35 104 26 33 69 23 47 56 51 71 149 49 39 54 125 181 157 297 47 55 70 69 31 350 36 52 96 54 31 77 64 102 82 103 32 40 54 32 24 98 203 179 46 36 259 282 63 103 73 46 52 45 25 162 29 53 144 35 191 32 84 55 84 191 194 115 28 59 43 85 72 55 217 71 36 89 192 29 46 105 192 63 164 179 182 69 171 123 154 200 144 73 24 72 123 140 316 35 302 68 224 161 145 188 39 93 41 93 29 206 113 73 70 340 92 125 155 101 173 112 40 59 130 61 309 147 49 55 28 197 60 146 193 52 164 34 107 30 215 39 221 42 21 137 165 43 112 60 47 21 26 50 20 77 201 32 142 199 86 155 77 132 38 102 52 98 54 34 102 59 258 98 139 21 118 57 182 60 81 41 23 250 27 144 40 56 107 95 46 77 30 343 171 59 319 291 34 112 310 83 63 135 38 158 138 152 24 71 190 109 131 56 84 269 48 22 298 103 28 119 50 20 24 194 179 34 329 29 88 117 236 114 99 163 44 24 104 276 100 112 322 316 26 109 48 21 39 32 28 164 56 34 112 22 187 196 135 170 165 139 131 125 27 100 169 107 36 100 100 51 88 43 27 22 244 69 56 176 45 49 90 251 45 131 25 40 109 186 44 187 122 202 59 38 103 103 130 290 45 23 55 39 47 116 56 91 112 21 154 25 240 37 36 44 313 322 153 197 82 53 100 63 172 120 21 119 31 350 273 79 129 21 181 333 24 274 178 119 150 111 109 130 140 132 46 139 193 20 50 48 86 289 131 290 345 50 140 125 254 105 26 256 205 176 111 112 52 92 271 23 52 24 171 45 46 42 196 27 54 103 72 22 247 194 108 66 205 109 55 43 113 61 138 199 58 78 156 180 100 73 27 189 24 54 118 73 23 305 342 26 119 142 24 157 92 45 129 191 62 185 161 121 88 55 32 141 61 87 140 118 114 113 53 38 151 69 68 55 91 23 169 208 58 34 78 84 171 267 34 278 113 68 53 270 182 343 102 51 43 60 236 214 40 286 53 191 49 256 92 116 27 158 57 125 198 56 120 156 129 59 65 117 52 104 85 23 198 27 257 110 58 110 114 22 134 141 133 185 106 108 119 59 81 46 56 22 137 118 61 79 48 30 89 181 114 297 116 109 114 33 89 64 70 50 55 58 48 81 27 45 37 173 185 23 38 300 277 21 270 49 54 28 52 177 150 121 60 237 180 23 44 40 26 52 24 110 134 106 52 181 242 89 305 190 312 183 39 200 95 54 71 57 184 60 69 213 242 88 31 102 216 85 309 259 27 309 49 45 61 103 152 20 199 253 157 276 21 34 31 112 40 79 134 284 109 27 345 174 110 161 40 28 116 118 65 125 93 100 108 148 22 30 104 52 73 96 34 32 111 163 112 288 50 103 50 62 337 141 213 150 128 46 233 194 107 80 208 213 54 176 60 102 109 294 64 112 70 81 152 171 37 59 168 237 347 39 112 23 56 137 239 77 114 55 195 88 50 180 82 139 262 107 71 111 21 184 94 195 309 247 166 38 32 92 127 34 139 61 48 41 47 44 29 210 163 48 136 175 80 239 309 48 308 87 160 99 234 199 91 56 264 54 56 53 33 117 40 48 89 107 37 52 33 38 25 293 103 202 30 103 274 29 32 23 53 312 283 35 110 61 58 48 54 186 302 306 86 174 191 242 24 109 158 56 55 90 60 27 94 57 33 27 120 192 304 135 138 28 92 195 46 173 24 180 178 35 23 27 182 83 104 195 145 24 54 82 74 151 36 100 133 237 279 240 315 54 230 350 26 44 303 152 169 115 33 319 45 254 55 26 251 336 307 46 191 29 306 149 39 30 22 94 21 112 113 130 251 49 111 116 113 144 30 71 329 228 44 54 30 72 237 302 35 66 50 63 150 102 67 166 78 88 20 58 182 36 50 230 79 95 333 75 46 115 33 35 272 114 171 35 104 31 252 187 216 65 52 53 217 141 34 346 121 166 55 132 55 106 272 144 27 48 51 138 77 32 104 190 49 31 111 120 141 224 129 27 112 143 84 20 56 93 105 51 43 34 155 122 28 49 128 34 54 134 117 58 59 116 45 63 237 48 64 325 173 21 66 122 227 50 99 158 71 150 69 156 106 213 94 36 144 36 55 318 207 31 295 42 111 118 57 59 41 37 292 73 160 195 109 56 118 52 37 55 69 22 39 64 42 55 107 52 146 145 94 130 285 214 222 190 87 117 196 77 56 93 90 63 197 35 108 108 187 51 169 200 112 96 241 120 73 44 164 102 266 72 55 67 39 26 188 53 68 119 51 29 181 109 71 211 100 100 49 49 84 189 53 60 114 282 197 252

The bandwidth demand of 2700 tasks
101 23 96 75 62 90 96 7 6 28 6 12 88 16 8 66 28 29 15 3 5 91 6 3 7 38 3 5 88 2 30 86 34 5 4 7 70 5 99 4 6 58 5 4 24 5 80 4 94 4 5 31 6 4 53 2 30 5 6 63 82 55 18 51 86 83 3 6 5 79 84 20 7 31 7 4 6 95 6 6 3 6 11 7 3 32 21 32 54 38 4 114 52 38 4 4 80 8 53 12 52 5 73 3 20 59 93 61 6 23 6 81 53 36 19 12 36 101 90 55 6 61 5 21 25 3 77 5 6 72 7 74 81 6 7 6 64 82 3 4 7 4 7 115 7 21 59 4 57 91 15 2 7 32 58 64 69 61 37 24 5 58 99 34 25 6 7 23 28 74 97 7 11 95 26 5 104 5 5 40 85 5 54 93 33 119 7 4 58 59 4 100 31 6 21 33 5 94 2 77 7 5 17 81 5 70 2 6 36 111 7 5 27 38 80 62 68 66 6 13 6 5 5 113 3 103 14 59 87 63 17 87 8 4 31 4 72 3 22 6 36 74 20 5 59 80 31 3 97 87 96 15 86 5 60 3 38 19 5 65 12 7 4 6 93 43 65 31 2 4 5 111 6 113 25 4 20 55 8 4 61 2 74 5 5 113 4 92 6 5 14 6 79 52 93 12 19 2 31 8 10 29 5 72 2 8 62 29 4 49 90 79 80 31 7 100 7 54 34 67 2 3 5 2 76 29 99 4 3 3 66 7 3 11 92 58 80 78 37 23 46 64 90 86 64 23 94 80 8 8 51 98 92 7 33 67 6 20 8 20 99 85 5 81 79 73 40 61 39 10 53 2 7 83 63 7 98 7 6 98 4 81 95 67 111 85 37 83 22 57 101 21 14 29 21 66 4 66 3 14 6 23 5 58 61 7 24 61 3 4 5 81 4 100 4 8 58 6 5 69 76 33 6 64 68 5 32 8 4 62 20 4 56 8 69 35 42 25 8 23 26 5 7 4 102 2 53 73 37 97 98 104 101 38 12 85 43 93 16 13 10 52 87 5 67 8 5 2 4 25 4 54 18 6 3 112 96 61 93 11 89 4 63 86 3 94 43 6 13 68 6 4 97 96 13 28 35 6 7 35 98 25 4 6 75 5 2 85 111 3 55 3 25 7 78 7 99 19 8 69 76 89 3 11 20 6 90 8 28 75 61 34 51 64 6 98 6 28 13 61 18 4 22 63 32 73 21 4 5 55 78 5 7 25 87 64 74 35 36 63 6 63 34 39 99 83 82 31 8 3 6 5 32 69 92 23 29 62 90 3 16 6 81 69 92 107 14 72 24 55 36 6 88 6 95 3 5 65 13 63 54 63 2 85 32 61 112 17 23 7 6 61 70 60 33 3 16 97 13 58 3 7 2 37 3 6 58 116 32 58 7 8 5 39 29 6 15 6 95 62 86 6 5 4 5 13 26 116 7 4 16 92 16 16 7 7 55 7 5 68 3 30 38 7 81 84 72 80 5 98 11 78 2 4 86 96 3 4 6 57 6 11 2 3 82 71 79 93 76 62 7 7 39 45 54 7 78 82 62 63 35 87 75 26 5 26 11 71 6 40 94 19 113 6 81 6 6 98 2 8 3 4 59 19 91 13 95 30 36 7 64 6 19 5 3 29 3 119 74 67 8 100 119 88 79 83 52 55 13 51 87 6 4 42 70 83 108 6 30 15 3 63 84 39 26 3 6 101 31 79 78 83 51 79 101 3 43 4 2 7 88 51 83 94 19 81 61 52 36 3 38 6 26 82 82 6 27 31 7 51 52 5 4 7 94 4 51 6 23 30 2 6 5 82 27 6 38 76 84 7 24 37 2 16 94 7 7 5 19 4 91 13 7 58 4 3 5 3 110 4 26 54 4 4 25 30 13 30 73 35 6 6 62 6 20 2 44 16 62 13 2 6 4 51 65 16 85 86 5 7 74 14 5 40 61 68 2 4 69 55 5 85 71 98 85 5 55 111 18 97 3 73 100 39 17 5 21 5 5 28 72 12 117 50 40 4 3 20 24 19 23 4 115 64 12 13 56 94 80 7 93 114 2 4 6 4 36 11 64 13 24 3 10 33 6 66 11 5 4 46 76 96 8 18 69 8 38 34 3 63 3 91 77 7 28 39 112 28 3 5 8 73 52 81 88 82 38 6 67 43 3 10 13 4 3 21 6 71 30 97 77 60 18 3 10 106 54 2 85 69 4 3 25 63 66 4 3 2 6 3 3 4 7 5 78 109 5 31 7 87 6 107 90 63 5 89 71 81 4 70 67 14 6 31 74 25 95 6 52 63 58 69 6 71 5 5 7 27 86 6 25 98 6 7 103 5 3 57 60 36 115 3 96 4 72 70 3 2 27 2 6 30 8 3 6 12 6 29 75 4 7 22 83 20 11 72 7 109 29 46 39 75 3 30 51 56 2 117 75 116 5 8 8 61 57 69 61 64 7 3 84 34 6 64 39 7 4 8 93 3 59 24 79 95 35 104 5 21 81 32 7 7 17 14 15 3 14 88 7 6 3 7 71 69 22 23 34 22 6 96 43 4 70 4 6 28 89 85 10 44 7 65 55 90 4 38 3 7 25 5 3 6 3 59 6 96 88 18 44 72 59 59 66 26 4 2 30 82 17 5 14 18 5 3 86 89 113 7 72 80 95 99 116 80 36 37 3 89 99 93 75 67 21 7 79 87 7 13 7 110 31 91 25 5 24 4 10 2 19 6 2 105 83 3 8 66 51 7 13 2 3 8 76 67 4 37 94 24 88 3 2 12 31 4 55 11 85 30 34 7 5 3 4 94 68 5 6 62 64 83 4 77 7 29 51 56 80 84 27 56 37 109 72 3 21 8 5 63 113 20 3 85 6 41 97 22 67 70 7 2 6 35 117 67 76 5 6 37 47 4 4 8 92 65 89 6 115 5 87 71 83 19 23 53 57 5 15 8 7 2 6 72 3 5 30 15 6 3 8 6 82 6 11 11 41 5 19 4 14 27 70 7 117 8 4 78 63 83 66 3 4 6 69 32 3 109 8 71 37 21 79 4 30 43 5 6 117 39 20 20 4 6 7 2 62 4 86 7 8 54 7 89 20 68 65 57 102 94 94 67 7 111 4 27 31 87 2 57 7 4 3 95 15 33 5 39 63 6 43 6 13 5 114 56 62 81 8 85 56 7 4 20 34 90 95 3 5 7 2 5 2 3 4 19 59 25 99 8 99 66 71 77 8 2 95 18 2 22 8 6 7 11 39 16 3 99 5 29 63 92 12 95 91 15 30 118 20 98 91 4 2 7 27 32 7 3 20 6 5 18 76 17 6 17 14 87 54 17 37 7 7 97 75 10 52 3 4 69 104 3 61 63 18 19 65 100 6 33 12 63 10 15 5 39 16 73 118 2 3 23 85 3 64 59 18 8 67 4 42 21 22 6 67 7 14 4 37 95 4 4 3 33 88 5 24 93 5 65 4 15 31 30 4 116 64 2 7 21 63 5 5 88 19 88 3 68 68 2 4 51 21 2 27 5 96 33 61 68 82 87 37 89 89 6 5 2 36 87 79 25 7 43 3 49 73 6 94 3 8 34 4 20 32 89 64 52 84 17 8 67 30 78 28 76 61 19 4 69 59 79 25 6 15 85 99 62 54 86 70 97 4 7 15 25 4 8 39 2 5 7 35 88 29 7 53 5 3 52 3 99 3 5 32 4 6 36 5 32 84 7 3 5 75 59 91 51 3 6 17 28 4 45 8 32 13 7 5 36 13 37 37 71 6 7 11 6 2 24 66 98 5 7 64 77 16 82 16 4 23 7 5 98 3 16 67 6 69 3 28 6 18 91 61 34 4 3 6 29 21 16 116 22 5 26 85 3 6 20 97 23 98 65 54 12 71 78 61 85 65 20 7 11 89 71 49 5 117 19 61 61 51 110 3 19 4 30 4 117 66 28 15 71 12 89 73 13 80 33 5 5 77 20 119 60 7 8 3 57 6 64 49 7 61 4 38 3 45 5 118 4 2 96 55 2 51 8 4 8 8 5 6 23 105 3 95 53 22 81 33 78 3 15 40 22 17 2 33 38 108 40 72 3 36 6 77 13 13 2 7 41 5 89 7 31 86 11 7 11 6 63 54 6 65 94 5 11 83 25 14 85 5 98 68 77 3 13 90 33 62 7 25 47 7 5 108 69 7 31 4 4 3 47 97 6 113 7 37 68 61 55 15 72 8 4 18 103 85 31 82 59 4 90 4 6 4 5 6 83 6 2 28 7 92 51 81 68 82 57 81 84 4 18 72 24 5 38 79 3 21 3 4 2 105 29 36 98 4 8 22 100 3 52 6 6 23 85 6 56 85 87 3 7 63 29 88 75 6 4 5 3 7 34 8 19 74 4 87 4 67 7 8 3 62 72 63 95 13 4 26 36 58 34 3 70 6 96 85 38 57 5 80 103 5 53 63 85 77 11 27 75 72 80 3 87 83 7 27 5 32 96 94 63 90 26 55 89 101 39 4 64 112 94 51 20 3 37 43 4 7 7 58 2 5 3 90 5 39 82 16 7 99 56 51 34 80 30 2 5 70 36 75 53 7 39 100 97 56 17 7 114 4 14 38 17 5 77 60 7 13 90 3 87 33 5 94 96 26 60 54 59 25 4 2 74 26 25 99 25 27 39 5 6 68 24 10 6 17 2 53 75 3 3 15 26 86 60 3 65 95 26 36 82 77 64 16 30 3 30 113 73 6 91 7 80 6 66 29 79 4 51 3 66 47 3 91 67 95 19 19 20 6 29 32 6 67 6 80 12 2 20 21 4 90 69 85 99 55 23 18 3 38 3 8 7 75 61 32 23 3 8 33 98 10 83 53 77 77 4 17 39 12 5 5 6 6 32 4 8 8 70 100 4 6 92 113 6 58 6 20 3 15 100 54 92 6 93 57 3 3 8 7 3 5 23 83 84 5 71 96 13 81 56 74 60 3 66 18 6 37 3 61 36 18 101 89 18 4 22 114 33 77 84 3 87 4 2 14 30 53 3 94 97 79 94 3 6 5 38 4 28 92 83 82 8 61 93 11 92 7 4 57 32 30 95 27 39 99 91 8 2 52 19 38 19 3 3 86 98 18 86 2 33 3 25 112 53 111 91 60 6 60 95 37 27 52 53 28 54 18 34 65 47 25 89 34 33 72 73 3 5 73 110 99 4 83 3 4 91 92 10 15 37 95 31 6 43 38 65 114 27 14 39 7 63 19 80 60 120 71 7 7 19 59 4 74 17 7 7 7 7 3 110 93 4 51 76 22 73 75 5 72 18 62 22 84 88 26 40 52 4 27 2 4 16 3 6 29 55 6 3 5 6 5 97 22 71 7 19 96 4 6 3 31 86 71 4 56 38 6 8 4 67 53 87 13 65 64 102 5 75 85 6 3 36 4 6 31 23 6 4 68 100 107 58 93 7 25 87 6 93 4 99 54 6 6 4 60 13 13 88 94 4 4 25 35 65 7 21 55 113 78 72 45 7 54 50 5 7 71 74 71 15 6 45 6 87 8 3 50 44 61 3 96 5 57 65 4 5 6 24 8 84 24 88 68 5 60 13 17 80 8 13 85 107 3 3 4 28 104 86 7 26 7 29 86 35 37 81 31 30 5 34 52 4 4 80 25 30 119 14 3 20 4 5 71 23 72 7 30 3 105 99 57 21 2 5 79 87 4 68 99 90 12 97 3 60 94 89 5 8 4 65 17 2 39 78 6 6 31 96 99 71 82 7 22 80 31 7 7 12 20 3 2 6 72 62 7 3 89 8 3 96 78 8 4 60 3 14 56 4 27 83 86 5 17 57 51 7 28 64 15 89 32 57 35 79 32 6 77 2 6 98 118 5 75 2 24 16 3 18 5 4 97 18 66 73 34 2 89 7 5 11 26 5 6 32 5 5 12 35 75 96 36 77 70 62 61 60 33 88 75 36 3 27 23 39 79 7 23 25 83 20 88 52 29 18 54 68 26 3 83 13 69 25 33 12 6 6 55 38 16 95 6 8 94 73 26 63 79 69 7 7 39 53 7 30 38 60 92 101

The power demand of 2700 tasks
23 6 11 10 11 8 10 2 1 9 1 6 19 4 2 18 8 10 5 2 1 11 1 3 1 9 3 1 16 1 8 13 5 2 2 2 11 3 24 2 3 10 1 1 7 2 17 2 17 1 2 8 3 1 9 2 8 2 3 10 18 14 6 16 8 12 2 1 1 11 10 7 3 8 2 2 3 16 2 1 2 3 9 2 2 6 3 5 18 6 2 25 13 4 1 3 13 2 11 7 13 3 30 2 4 22 22 27 2 4 3 10 9 9 5 4 7 17 18 12 2 20 3 9 9 2 29 2 1 14 2 15 18 1 2 2 16 16 1 2 3 2 2 10 1 9 22 1 16 12 6 2 2 9 11 10 15 13 6 4 1 9 17 9 3 3 2 3 10 9 9 3 6 25 6 1 19 3 2 4 9 2 13 9 9 27 2 1 18 15 3 24 9 2 4 5 2 15 2 10 3 3 5 10 2 8 1 2 7 29 1 1 10 5 14 19 17 19 2 5 1 3 3 25 1 21 7 18 13 16 4 13 2 1 8 1 8 3 7 1 7 13 10 1 10 18 7 2 19 15 27 4 16 2 17 1 4 10 2 13 8 3 1 2 22 11 27 9 2 2 1 22 2 17 6 3 6 16 3 3 15 1 11 1 2 26 2 9 1 1 8 2 18 14 12 4 5 3 9 1 8 5 1 13 3 3 16 6 3 13 21 12 17 9 2 16 2 28 9 14 1 1 1 2 19 7 14 2 3 2 17 3 3 9 10 20 13 14 4 6 14 11 12 19 17 9 23 16 3 1 14 20 12 3 8 18 1 9 1 4 10 20 2 14 17 10 8 15 5 6 25 2 3 17 12 1 15 3 2 16 1 19 22 20 21 20 5 17 3 13 19 5 7 6 9 22 2 15 1 5 2 6 2 15 20 1 9 15 3 1 3 18 1 15 3 1 9 1 2 18 16 9 3 19 17 3 4 3 2 16 7 1 20 3 10 7 21 4 1 6 6 2 1 2 12 3 8 8 3 13 16 29 12 9 7 23 12 19 4 5 5 20 19 3 14 1 3 3 3 8 2 17 3 3 1 18 19 19 9 10 8 1 9 18 3 18 13 2 7 16 2 1 23 14 8 8 5 1 1 6 11 8 2 1 29 1 2 15 23 2 15 1 8 3 12 3 12 9 1 8 9 13 2 4 8 3 10 2 3 24 12 5 14 18 2 12 2 8 9 25 3 1 5 17 9 14 6 2 1 14 11 1 3 6 19 14 12 9 4 13 1 11 3 5 16 15 15 8 1 3 1 1 8 18 13 5 4 18 24 2 4 2 13 11 11 24 7 12 8 10 8 3 15 1 19 2 2 19 4 18 14 12 3 10 6 9 28 5 7 2 1 11 29 13 9 2 9 23 8 15 1 2 2 10 2 2 19 16 4 16 1 1 1 7 3 3 7 2 11 15 20 2 2 1 3 8 9 16 3 3 6 12 6 5 2 2 17 3 1 17 1 7 3 2 22 17 17 16 1 22 6 8 2 2 16 15 1 2 1 20 2 7 2 1 9 17 14 29 18 11 3 1 7 18 10 2 16 13 15 9 4 26 11 5 3 7 7 19 1 5 12 9 11 1 20 1 2 18 1 3 2 3 14 6 9 8 9 6 6 2 11 2 6 1 1 6 1 28 25 19 3 12 12 12 24 17 18 19 6 11 16 2 1 18 13 19 15 3 7 6 3 18 12 10 9 2 3 19 9 14 15 9 16 11 14 2 15 1 1 3 22 18 17 16 6 12 28 19 10 1 4 1 7 23 11 1 6 4 1 12 18 3 1 1 19 2 18 2 7 10 2 3 1 19 9 2 8 19 17 1 4 7 2 4 10 1 2 2 8 2 24 9 2 11 3 1 3 3 27 2 4 20 2 2 7 10 9 6 14 4 2 1 11 1 10 1 28 7 22 9 1 3 1 9 30 7 16 17 3 1 13 6 3 3 19 11 2 2 17 16 2 11 25 23 14 2 14 25 4 11 1 17 26 4 5 2 8 1 1 4 14 10 18 23 9 2 2 5 7 7 10 3 10 16 7 5 17 15 20 2 8 27 3 2 1 1 4 7 17 5 7 3 7 7 2 27 9 3 2 23 13 9 2 6 11 2 8 5 1 20 1 10 20 2 9 9 27 4 2 3 1 19 10 29 11 25 8 2 18 28 3 5 4 3 3 4 1 12 3 12 17 13 7 1 9 18 24 2 11 13 3 2 9 12 18 2 2 3 2 1 1 2 1 3 19 27 3 4 3 16 2 18 11 14 1 13 9 11 2 14 22 8 2 3 30 6 14 3 11 17 18 17 2 29 3 3 1 8 16 1 8 13 2 1 26 2 2 20 18 6 21 3 20 2 15 13 2 1 7 3 2 4 1 1 1 5 1 6 17 2 3 6 8 7 6 9 3 30 7 23 5 17 3 5 12 10 2 27 10 29 1 1 1 12 19 20 22 16 2 2 14 4 3 9 8 2 3 2 18 1 10 9 18 20 8 15 3 8 8 4 2 1 5 7 5 2 9 11 1 1 1 3 25 16 6 6 9 5 3 20 13 1 16 1 1 8 13 14 10 16 3 9 19 20 2 4 1 2 10 2 2 2 2 23 2 28 10 5 12 12 19 20 27 7 1 3 6 12 7 2 8 4 2 3 11 19 15 2 25 12 15 20 16 12 6 7 2 9 10 13 17 18 10 1 16 13 2 7 3 28 8 10 9 3 4 3 5 3 6 1 1 27 14 1 1 29 12 2 3 1 3 2 19 9 2 8 14 5 27 3 1 10 6 2 19 10 13 8 5 3 3 3 1 22 9 1 1 8 20 17 2 12 2 9 16 19 19 20 8 9 9 22 8 1 7 3 1 11 25 4 2 18 2 15 11 5 19 17 1 2 2 4 17 18 17 1 1 4 15 3 1 1 19 16 15 2 22 2 13 15 14 10 8 18 26 2 10 3 3 1 1 29 1 3 8 8 1 1 3 1 25 1 5 7 11 2 5 2 8 9 18 1 30 1 1 19 17 17 16 3 2 2 19 4 1 21 2 13 6 3 11 1 6 17 2 2 14 7 8 9 2 2 3 1 20 3 13 1 2 8 2 9 6 17 18 16 30 11 17 11 2 28 1 5 8 11 3 16 2 1 1 29 4 7 2 6 28 3 18 2 4 2 11 14 11 20 2 14 14 1 1 7 9 17 14 2 2 2 3 3 2 3 1 8 18 9 20 3 13 14 9 16 2 3 19 5 2 6 1 1 2 4 3 5 3 9 1 8 11 14 8 9 23 9 3 10 4 15 19 2 1 3 9 3 2 3 10 1 1 7 17 6 1 5 6 26 9 3 9 1 3 18 12 4 19 1 3 13 20 1 9 10 6 6 18 20 1 7 6 27 5 9 2 9 6 12 17 1 2 4 15 2 28 9 5 1 9 2 26 7 8 3 15 1 3 2 6 23 2 2 3 4 17 1 5 17 1 17 1 10 9 7 3 16 16 2 1 8 17 2 2 18 4 13 1 18 13 3 3 29 9 1 7 2 19 5 10 13 18 19 8 13 17 2 1 3 5 19 19 8 1 14 1 28 12 3 20 2 3 8 2 7 5 19 18 15 13 10 2 14 5 29 5 18 10 3 1 13 13 11 8 2 9 8 15 28 19 17 14 14 2 3 10 6 2 3 7 3 2 2 4 17 5 3 19 1 3 23 1 19 2 1 6 1 2 9 1 6 10 2 1 1 17 12 11 21 1 1 8 4 2 26 1 4 3 1 3 4 6 6 7 9 3 1 6 1 2 7 15 20 1 2 12 20 6 13 4 1 8 1 2 19 1 3 16 3 15 2 4 1 5 14 15 9 2 2 1 9 3 4 14 7 1 8 16 3 1 8 9 7 11 19 10 6 13 17 9 8 11 7 2 4 17 15 14 2 14 7 30 9 16 20 2 10 1 5 1 16 15 4 9 27 8 16 15 9 9 7 1 2 11 9 22 11 1 1 2 12 2 16 26 1 8 1 9 1 14 2 19 1 1 10 11 2 14 3 1 1 2 2 2 9 23 3 9 15 10 13 8 13 2 8 3 3 8 2 10 7 16 6 14 1 6 2 14 6 4 1 1 29 2 18 3 3 15 7 1 6 1 25 12 2 15 11 3 3 14 9 8 18 1 13 19 18 2 7 12 9 14 2 4 30 2 2 27 9 1 7 2 2 3 24 18 2 15 2 6 10 19 11 9 15 1 1 6 27 9 7 18 28 2 17 3 3 1 2 3 19 1 3 9 2 10 28 9 10 17 9 14 9 2 8 14 10 2 10 11 2 7 2 2 3 29 7 6 15 3 1 9 21 1 10 2 3 9 13 3 16 10 11 2 1 17 3 13 19 3 1 1 1 3 9 1 9 12 3 15 1 28 2 2 1 16 12 16 16 8 1 7 7 20 5 1 14 3 11 25 8 14 3 9 28 2 22 15 10 18 9 7 10 9 12 3 12 11 2 8 3 9 23 10 19 21 4 19 19 25 6 3 23 12 19 8 8 2 5 15 1 2 3 18 3 2 3 29 2 6 20 9 2 27 20 18 6 27 5 2 1 9 7 17 11 1 3 11 11 10 5 1 22 1 9 8 9 1 16 25 1 7 18 1 9 5 1 11 18 6 9 12 17 9 3 1 16 5 10 18 6 7 4 2 1 11 7 7 2 7 1 10 25 3 1 6 6 11 19 3 10 18 8 6 13 15 22 5 6 1 5 29 16 1 14 2 19 2 26 6 19 2 16 2 16 19 2 13 18 12 6 10 6 2 6 7 2 19 2 23 7 1 5 9 2 13 18 14 9 11 10 8 1 4 1 2 3 13 19 9 9 1 1 5 10 6 20 12 13 8 3 6 6 4 1 3 2 3 9 3 1 1 10 15 1 1 16 19 2 25 2 3 2 7 19 13 18 2 12 10 1 3 3 1 1 1 8 12 9 2 19 14 8 28 13 24 9 2 27 9 2 4 1 16 8 9 13 17 3 3 10 14 7 16 14 1 24 3 1 9 10 18 3 19 20 15 16 3 3 2 8 2 6 9 28 10 1 13 19 8 10 2 2 14 6 8 18 6 4 17 10 1 1 15 6 6 10 1 3 15 16 10 13 1 6 2 8 12 9 13 19 12 3 20 8 9 7 27 22 4 10 7 8 16 30 6 14 8 4 18 14 1 1 11 28 17 3 11 2 3 10 22 8 8 4 18 7 2 25 4 9 23 9 5 5 1 14 4 13 24 26 9 1 3 9 14 1 20 6 1 2 1 1 2 25 20 2 17 19 4 23 21 1 24 9 9 9 18 12 9 7 14 1 7 2 1 9 1 2 10 18 3 2 1 2 2 16 9 27 1 9 28 3 1 1 5 11 11 3 15 7 2 3 1 15 18 20 5 20 16 12 1 12 9 2 2 4 2 1 4 4 1 1 14 26 21 16 12 2 7 13 2 18 2 9 11 2 1 1 15 4 6 14 13 3 3 5 8 9 1 9 9 15 13 26 14 2 19 21 2 2 25 20 14 9 2 14 1 30 2 1 16 16 12 2 15 3 27 14 2 2 1 6 1 14 9 8 13 1 19 9 4 8 1 7 10 21 2 2 3 4 17 12 1 8 3 6 18 5 7 12 10 6 1 6 14 2 2 28 6 3 17 9 3 8 1 2 13 6 8 2 6 1 27 12 11 3 2 2 14 13 1 24 15 9 4 11 3 12 24 12 2 2 3 14 6 3 10 16 3 3 5 20 11 27 19 1 9 10 9 1 2 8 4 3 1 1 20 12 1 2 20 2 2 12 17 2 1 19 1 8 22 1 9 21 10 1 4 13 12 1 8 13 7 15 7 11 7 17 9 2 13 1 3 16 18 2 14 3 10 5 1 6 2 1 12 8 11 13 5 1 15 1 1 4 7 2 3 7 1 2 9 5 11 19 6 18 27 19 26 12 3 16 11 4 2 6 9 10 14 2 9 3 17 8 13 10 9 5 22 13 10 2 10 9 18 7 5 5 2 1 11 5 8 16 2 3 10 18 9 19 14 10 3 1 10 18 2 9 10 26 11 12
