B=50	N=500	M=3	Cbw=15988	Cpw=4793

Modes
mode base_power
G 10
R 25
P 50

Task types
type name modes
1 enterprise_emergency G|R
2 maritime_airborne G|R|P
3 cellular_backhaul R|P
4 private_high_priority P

The bandwidth capacity of 50 beams
306 304 300 357 379 251 268 251 315 353
323 365 252 370 386 281 338 260 270 357
247 369 377 264 302 341 348 265 308 396
346 335 372 254 260 374 313 295 261 317
342 328 309 318 394 396 341 325 325 280

The power capacity of 50 beams
90 111 97 122 81 76 84 83 108 101
78 105 97 104 89 87 116 80 114 109
111 89 77 93 106 91 77 105 93 113
102 96 82 96 96 99 92 79 87 80
104 119 107 77 104 112 95 78 102 99

The type of 500 tasks
1 2 2 1 4 3 2 4 1 1 2 4 2 2 2 4 1 3 3 1 1 2 4 2 2 2 1 3 2 1 3 1 4 3 3 4 4 1 4 3 1 1 2 1 2 2 4 2 3 4 1 3 2 4 3 1 3 1 2 1 1 1 1 1 3 1 2 3 3 4 3 1 3 1 1 4 1 1 1 1 4 3 1 3 1 2 2 3 1 4 3 3 2 1 3 2 1 2 2 1 3 1 3 1 2 1 3 2 2 3 3 1 3 3 4 2 3 2 2 2 3 1 4 4 1 2 1 2 1 2 2 3 1 4 2 2 3 3 3 2 4 1 1 4 4 2 1 1 1 4 3 1 4 2 3 3 2 4 2 4 1 2 1 1 2 1 1 2 1 3 3 3 1 1 1 3 1 1 3 2 3 2 3 3 3 1 2 3 2 2 1 3 4 3 1 1 3 1 2 1 2 4 3 4 2 4 2 3 2 1 4 3 1 3 1 4 1 3 4 2 3 1 3 2 1 1 1 1 2 2 3 3 1 1 1 1 3 1 1 3 1 2 1 3 2 4 1 4 3 3 1 3 3 1 4 2 3 2 2 1 2 3 2 2 3 2 3 1 3 1 3 3 3 3 2 2 3 3 1 3 1 2 4 4 3 3 4 1 1 2 1 2 4 2 1 1 2 3 1 1 1 1 3 2 1 2 2 4 1 2 3 2 2 4 3 1 1 3 1 2 2 1 3 2 4 1 2 2 4 3 1 1 3 3 1 1 1 1 4 3 1 1 2 3 1 3 1 1 1 2 4 4 2 2 1 1 4 1 4 3 4 3 1 3 2 1 3 2 4 3 1 1 2 2 1 3 1 1 4 3 1 4 4 1 3 4 3 3 1 2 2 1 4 2 1 4 1 1 2 1 3 1 1 1 2 2 2 4 3 1 3 4 4 2 1 1 4 1 1 4 3 4 1 4 2 4 1 2 1 1 1 3 3 1 1 1 1 2 2 1 3 1 4 3 3 3 1 2 4 3 3 1 1 4 2 1 1 2 3 1 1 2 3 1 2 2 2 2 3 3 4 1 2 3 2 2 4 3 2 1 2 3 2 1 4 1 1 3 2 3 1 2 1 1 4 1 4 4 2 2

The profit of 500 tasks
41 64 72 50 311 109 120 266 38 39 99 269 119 96 71 319 38 191 133 60 46 50 304 69 54 85 47 107 64 58 125 58 224 104 100 190 322 54 338 164 29 43 115 56 119 58 298 106 152 286 58 152 71 225 137 22 172 59 116 27 53 50 21 51 147 58 52 175 107 237 184 46 197 50 26 280 58 38 47 58 205 143 30 152 49 51 91 141 24 256 154 142 82 58 148 91 50 88 65 24 125 24 175 38 88 23 172 70 86 135 133 35 168 111 213 50 101 72 80 95 169 29 310 215 20 105 52 81 58 110 76 117 44 227 68 93 150 197 167 94 295 23 23 294 211 82 54 55 34 334 142 25 194 60 101 161 98 204 104 211 52 120 48 52 89 51 39 67 29 110 155 156 34 22 46 115 21 49 132 113 192 114 148 128 155 56 119 170 114 50 27 111 247 107 36 37 165 32 110 28 89 348 154 237 57 283 103 159 115 26 273 160 45 125 29 204 43 183 334 52 168 41 108 115 49 40 44 31 61 57 127 177 35 50 24 49 194 46 26 193 60 76 54 124 52 206 36 330 171 172 41 155 183 42 209 70 112 87 74 38 85 192 84 76 149 58 134 40 199 50 170 199 199 130 78 62 155 130 58 159 52 120 317 227 157 137 276 43 20 57 47 98 203 111 40 34 90 178 42 36 56 20 109 80 60 118 115 204 23 68 137 93 71 342 112 34 54 115 43 87 101 46 171 56 292 25 107 84 326 162 43 46 125 104 57 37 47 59 264 135 39 29 88 180 55 126 43 23 50 106 216 336 82 108 32 34 311 30 236 122 334 147 46 150 91 58 153 58 324 170 35 34 63 93 51 188 35 32 296 125 26 195 247 46 175 330 150 121 41 111 94 24 201 91 48 225 21 52 96 30 103 44 44 31 59 103 63 287 191 51 154 333 312 94 40 49 217 28 40 265 142 315 24 280 71 308 52 77 45 40 28 167 154 28 28 51 37 66 97 25 156 57 225 159 170 111 47 71 214 111 112 54 52 250 70 35 35 69 184 52 46 90 144 46 94 81 64 61 187 165 334 44 50 106 66 118 241 184 89 49 117 157 97 55 184 20 45 110 115 110 51 84 59 44 296 31 211 187 85 102

The bandwidth demand of 500 tasks
3 27 27 8 58 52 34 41 7 2 16 41 35 12 29 62 4 60 58 3 6 39 90 28 25 18 6 91 26 3 75 7 96 79 71 93 64 7 43 58 5 3 16 2 16 34 98 37 83 102 3 99 24 112 51 5 82 4 18 4 6 5 7 4 94 5 25 57 83 59 91 5 56 7 8 91 3 6 3 7 47 69 3 96 4 30 23 61 7 55 59 61 14 5 89 34 4 26 32 6 89 4 87 3 10 7 80 13 34 61 72 4 79 96 53 36 84 23 33 23 96 2 49 116 7 14 8 14 2 30 14 57 6 89 21 16 96 92 61 28 60 4 6 59 73 28 2 5 7 81 69 5 102 18 65 69 12 101 29 108 4 34 4 7 30 4 4 36 7 92 82 95 6 4 4 60 2 8 91 38 89 33 94 58 69 3 31 70 14 21 4 65 56 51 5 3 93 2 34 7 18 53 60 55 16 94 13 90 22 2 94 84 6 72 7 59 5 58 92 12 72 4 51 24 5 8 2 4 40 36 52 63 6 6 2 2 62 2 7 84 7 32 3 54 15 100 5 105 83 92 2 96 94 4 60 39 78 29 23 4 28 52 11 32 53 33 70 5 54 5 53 55 81 95 28 14 53 87 6 83 3 32 44 81 100 95 62 3 5 28 4 19 110 25 7 2 26 94 6 3 5 6 72 11 3 24 38 86 2 13 85 18 39 95 52 3 6 70 5 12 14 4 65 21 50 6 18 22 69 69 4 4 93 52 6 2 6 7 74 92 7 7 36 53 7 83 8 3 3 24 106 116 22 16 6 4 50 7 72 52 99 86 3 62 34 2 92 23 41 93 4 5 30 28 7 100 8 6 68 56 5 57 118 7 50 68 100 54 5 30 11 3 55 33 4 59 4 3 33 6 52 6 6 7 13 11 30 106 86 3 72 94 75 23 7 6 42 8 8 102 90 116 4 48 13 45 7 11 8 4 3 86 60 3 3 7 3 19 16 3 56 7 96 100 60 76 3 19 50 82 77 3 8 45 12 7 3 29 66 7 3 11 82 7 40 31 33 10 77 77 71 5 29 100 22 19 71 62 32 7 16 71 12 5 93 3 5 91 11 53 5 37 3 3 106 5 74 44 12 12

The power demand of 500 tasks
1 6 5 2 28 20 3 25 3 2 10 25 6 3 7 18 2 10 18 1 3 6 12 8 5 9 2 14 10 1 17 2 28 16 16 17 23 3 13 14 1 1 6 1 6 5 11 5 10 10 2 18 6 13 13 1 20 2 4 1 1 1 2 2 18 2 7 9 8 20 8 1 14 2 1 16 2 1 2 3 12 18 1 19 1 7 8 17 3 17 18 11 7 3 15 5 2 10 7 2 18 1 10 1 5 2 13 4 9 16 18 2 18 12 21 5 9 8 3 10 15 1 22 20 1 5 2 9 1 4 8 11 2 19 4 7 11 15 20 9 12 2 3 14 29 9 1 2 3 26 19 2 28 4 16 20 5 17 5 24 3 7 2 1 6 1 1 4 1 16 8 16 2 2 1 9 1 1 13 5 16 3 19 18 11 2 8 19 6 7 1 16 15 18 1 1 14 3 9 1 4 28 15 29 8 12 6 15 7 3 11 16 1 16 2 19 1 20 12 8 12 1 15 8 3 1 1 2 9 5 12 13 2 1 1 3 15 2 1 10 1 8 1 17 6 19 1 28 11 10 2 12 13 3 24 10 10 8 6 2 4 14 9 9 18 8 13 2 15 3 8 11 14 18 4 7 15 19 3 13 1 3 23 21 16 13 20 1 1 5 2 7 12 3 3 1 5 15 1 2 1 3 16 10 2 8 9 27 2 4 9 4 10 13 9 2 2 10 3 10 6 2 14 4 22 1 7 8 29 19 2 1 13 19 2 2 1 1 12 15 2 1 3 10 1 16 1 1 1 4 15 15 6 7 3 2 26 2 21 20 14 17 3 11 5 2 12 5 25 10 3 2 9 9 2 12 1 2 16 15 1 29 17 2 19 28 18 11 2 4 7 1 12 5 1 13 3 2 5 3 11 1 1 2 7 5 6 12 19 3 16 28 16 8 2 2 13 2 3 15 14 24 3 22 6 13 1 9 1 3 3 19 17 2 2 1 1 9 6 2 11 3 24 12 17 19 2 3 22 11 18 2 3 10 6 1 2 7 8 2 1 4 16 3 6 6 5 6 10 17 27 1 9 16 7 4 23 17 3 2 10 14 10 2 24 1 3 12 9 11 1 7 2 1 19 2 28 16 7 8
