B=30	N=600	M=3	Cbw=18413	Cpw=4794

Modes
mode base_power
G 10
R 25
P 50

Task types
type name modes
1 enterprise_emergency G|R
2 maritime_airborne G|R|P
3 cellular_backhaul R|P
4 private_high_priority P

The bandwidth capacity of 30 beams
506 588 653 668 500 530 712 728 612 501
600 577 610 646 622 572 588 606 638 591
547 456 652 747 678 697 729 739 545 575

The power capacity of 30 beams
169 189 133 170 123 124 145 188 189 181
129 125 187 192 119 131 147 155 163 140
183 157 136 185 173 182 179 160 185 155

The type of 600 tasks
3 1 3 2 4 3 3 3 3 2 2 1 4 2 4 1 2 3 1 1 1 2 2 3 1 1 3 1 2 1 2 1 1 4 4 3 1 2 1 4 3 2 3 4 1 1 3 1 1 1 3 3 1 1 4 1 2 3 4 1 4 2 1 1 1 3 2 1 2 2 2 1 3 2 2 1 1 1 3 4 2 1 2 3 2 2 3 2 1 4 2 2 3 1 1 3 3 1 3 3 1 4 3 3 2 2 4 1 1 1 3 1 3 3 4 2 2 1 3 2 2 1 3 1 2 1 1 4 3 1 2 1 2 1 1 4 2 1 2 4 1 2 1 1 1 1 1 2 4 4 2 1 1 3 1 1 2 1 2 3 1 1 1 3 4 2 2 1 2 2 1 2 1 1 4 2 3 1 2 1 2 1 1 4 3 3 1 1 4 1 2 2 2 4 4 1 3 1 2 1 1 3 3 1 3 3 1 1 2 2 3 1 2 2 3 4 2 3 3 1 1 2 1 1 1 1 2 2 1 1 1 1 3 3 3 1 4 4 3 1 4 1 1 4 3 2 2 2 2 4 2 1 4 4 3 1 2 4 1 1 4 1 2 2 3 2 2 2 1 2 3 1 1 2 2 1 3 1 3 2 1 1 4 4 2 3 2 4 4 1 3 3 4 2 1 4 3 4 2 1 2 2 4 1 1 1 3 1 1 2 4 1 3 4 2 2 3 1 1 1 1 1 2 2 1 3 2 3 1 3 1 3 1 4 2 2 3 1 1 3 3 1 4 4 2 3 4 4 4 4 2 3 1 1 2 4 3 3 3 1 1 3 2 2 1 1 4 1 1 1 2 3 3 2 1 1 1 1 2 1 2 1 4 3 3 4 2 4 3 1 2 3 3 4 2 2 2 1 2 3 4 3 4 3 3 3 1 2 2 4 1 4 3 1 1 1 3 2 2 3 1 2 2 2 3 1 1 1 4 4 3 1 4 4 4 3 1 4 3 1 2 2 3 2 3 4 1 3 3 1 3 2 1 2 2 4 1 2 3 3 3 3 2 3 3 1 3 1 3 1 1 4 3 4 1 1 2 4 3 2 3 2 2 2 1 1 4 3 2 1 1 3 3 3 3 1 3 2 2 2 1 2 2 3 2 1 4 3 4 3 3 1 3 4 3 3 1 3 1 1 3 3 1 2 2 1 1 4 3 1 2 1 1 2 4 1 3 4 3 1 1 1 3 3 3 3 3 4 2 4 3 3 1 1 3 4 1 2 4 1 3 2 1 1 1 3 2 2 3 2 4 4 2 1 2 2 2 3 3 4 1 1 2 3 4 3 1 3 1 1 1 2 2 1 1 1 1 1 4 3

The profit of 600 tasks
154 57 170 101 181 122 198 136 200 81 100 27 283 59 198 25 99 193 57 59 52 60 110 114 31 49 120 31 94 37 63 32 40 257 200 162 46 67 30 246 198 109 137 319 49 58 153 25 40 26 200 114 35 41 290 33 51 166 188 59 234 68 25 28 55 119 104 21 54 91 114 44 172 60 57 60 39 22 111 215 68 55 114 199 60 101 165 92 27 314 54 87 105 28 37 157 195 27 117 195 57 208 185 167 75 101 284 52 42 31 197 33 122 164 299 106 105 53 128 60 117 59 136 29 92 24 40 266 191 35 65 58 96 28 55 328 100 22 59 217 24 76 47 31 22 55 39 90 325 313 68 36 49 107 23 45 60 43 50 115 42 51 29 134 286 92 109 60 107 71 50 67 33 56 259 91 186 29 57 46 83 59 32 207 182 136 42 33 238 34 84 77 61 185 294 45 161 45 88 21 59 142 176 26 190 108 33 34 51 70 200 49 52 86 135 209 90 127 169 30 22 104 41 44 20 55 68 108 58 21 48 24 192 190 174 30 206 197 144 54 338 26 30 195 166 62 54 96 84 322 120 40 281 246 173 20 60 194 36 55 249 42 63 54 104 94 81 118 22 66 130 39 50 84 81 39 134 47 183 107 48 22 332 201 112 112 111 295 180 48 147 160 225 76 43 215 125 302 84 52 96 97 279 46 58 51 175 55 48 89 229 44 185 182 55 66 173 47 51 60 56 36 95 94 48 138 86 112 43 198 54 145 53 223 118 83 147 49 43 101 133 51 278 302 69 140 304 205 333 248 107 179 34 31 64 331 171 125 166 49 44 117 83 109 57 52 309 29 53 59 84 180 164 81 43 29 60 54 51 51 112 57 258 195 164 283 79 249 194 46 55 199 123 333 101 83 104 35 85 200 247 177 272 196 126 179 46 81 89 290 52 193 111 34 20 41 164 79 61 142 33 54 58 95 128 50 52 48 303 262 114 33 183 197 273 129 56 294 134 47 78 91 154 111 105 283 27 142 144 38 154 62 38 108 84 201 34 90 198 166 132 142 75 108 117 44 106 57 107 60 26 333 154 323 45 31 106 277 179 57 140 62 66 92 47 53 310 187 88 26 56 128 137 121 171 49 192 72 99 66 23 75 61 160 63 37 331 102 280 119 144 38 180 239 152 164 23 159 23 25 140 174 60 85 89 58 45 289 179 41 115 20 30 60 321 52 157 293 150 52 37 60 188 151 140 150 176 348 70 191 163 190 59 48 126 270 22 79 180 51 100 89 22 26 39 107 69 68 197 90 279 205 58 45 50 96 91 128 199 193 39 49 98 178 287 140 49 132 46 45 30 77 58 44 46 20 23 49 227 108

The bandwidth demand of 600 tasks
62 3 62 36 106 81 74 91 81 40 36 3 71 32 58 5 32 86 8 6 3 22 39 73 6 5 90 6 19 6 21 4 4 70 96 62 7 23 3 47 69 17 95 103 8 6 84 6 3 5 65 75 4 2 119 4 34 85 51 6 74 11 5 2 4 66 26 7 40 27 35 3 91 38 32 4 8 4 84 95 12 7 22 53 28 36 64 31 7 72 35 22 92 6 8 76 80 6 52 70 5 97 63 63 39 30 71 5 8 7 84 2 57 74 51 14 21 4 86 25 20 6 88 2 29 6 7 51 68 4 15 6 37 2 7 111 18 7 22 108 7 23 5 5 7 4 8 31 61 79 22 6 5 78 8 7 26 5 20 94 7 3 2 62 116 39 21 8 18 35 4 22 8 8 103 36 60 6 11 5 19 6 7 79 86 71 2 4 47 5 14 23 33 41 81 6 66 3 13 4 8 61 77 5 71 68 5 5 38 24 80 6 17 29 66 56 27 73 67 5 2 33 6 4 3 5 17 16 4 3 4 7 80 68 59 3 108 87 63 5 45 7 3 92 86 15 36 33 39 111 32 6 97 102 54 7 33 120 6 2 88 4 22 36 71 21 11 13 7 21 81 3 5 18 18 5 83 8 90 20 3 4 112 112 34 94 20 44 103 6 81 99 96 21 4 44 87 87 25 2 32 36 62 4 5 7 56 6 5 13 102 5 65 50 24 39 69 4 5 5 5 6 20 11 6 51 26 79 3 60 2 93 6 93 15 23 68 4 5 88 86 4 102 63 12 71 52 100 110 99 20 57 6 2 16 90 79 85 69 4 8 84 16 32 4 6 53 7 6 4 11 63 60 15 8 8 5 5 21 5 14 4 88 73 66 80 13 94 90 7 12 95 81 57 39 17 34 5 19 66 46 69 102 92 68 58 5 24 12 42 5 42 99 3 7 4 79 19 14 53 4 14 25 19 65 5 7 8 107 65 55 7 59 67 113 52 8 57 56 3 19 15 91 35 72 86 3 59 79 7 63 12 4 38 25 69 3 33 56 89 53 94 10 98 74 6 66 6 90 7 6 84 64 111 5 6 31 53 67 24 94 32 31 24 4 4 45 87 12 4 6 54 58 65 90 4 73 36 17 25 3 25 34 64 34 4 100 53 52 76 67 5 85 88 72 86 7 77 8 4 72 85 5 31 15 4 3 47 97 6 36 8 3 23 41 3 59 93 98 6 5 6 63 84 69 51 80 95 26 90 68 68 6 7 99 66 6 12 86 8 81 14 4 6 2 77 30 22 90 36 78 60 17 7 35 33 21 96 56 54 5 5 35 91 77 82 6 79 3 2 3 17 17 4 8 3 6 3 69 77

The power demand of 600 tasks
19 2 8 9 23 9 19 10 11 4 8 2 28 7 11 2 7 10 2 2 1 10 3 15 1 1 20 2 7 2 4 1 2 16 20 19 1 5 2 22 19 8 12 16 1 1 13 2 2 2 12 14 3 1 20 2 6 10 19 3 24 4 1 1 1 19 9 1 4 10 7 2 9 8 9 1 1 1 19 17 6 1 8 12 4 5 11 7 1 20 10 7 9 3 2 12 14 1 12 17 1 11 10 19 5 7 29 3 3 1 13 3 9 18 20 4 9 2 15 8 6 1 12 1 8 2 1 15 10 2 8 1 3 1 3 11 5 3 9 21 1 4 1 1 3 2 1 9 20 16 9 2 1 13 2 2 3 1 8 16 1 3 1 10 11 8 8 1 10 3 1 3 3 2 28 7 10 1 6 1 5 1 2 23 15 14 2 2 11 2 9 4 7 15 24 1 10 3 4 2 1 8 20 1 13 11 2 2 7 4 15 1 3 7 16 18 10 17 11 1 3 9 2 2 3 3 6 5 1 1 2 2 20 8 10 1 15 29 17 2 23 3 3 26 11 10 10 9 9 11 4 2 28 13 13 3 10 14 3 2 10 3 8 10 10 8 7 9 3 6 13 1 2 8 7 2 19 1 17 3 2 1 18 13 5 18 8 14 27 1 15 16 11 5 2 19 16 15 8 3 8 6 16 1 2 2 17 1 1 8 30 3 10 19 7 9 20 1 1 1 2 3 3 5 2 18 4 18 1 17 3 9 2 16 8 4 8 2 1 16 16 1 12 28 7 14 20 16 27 15 8 9 1 1 10 22 14 10 14 3 1 16 9 3 1 3 13 2 1 2 8 13 11 10 1 1 2 1 8 1 8 2 12 9 12 17 3 24 11 2 4 13 11 19 8 4 9 2 3 13 28 17 22 18 19 13 1 8 8 13 2 19 13 1 1 3 12 5 6 14 1 8 7 8 19 2 3 1 17 18 15 2 29 21 19 17 1 20 9 2 10 6 15 9 18 18 1 19 14 3 9 6 2 9 7 20 2 5 16 19 13 18 8 15 14 2 10 1 17 2 3 20 15 25 2 3 7 24 19 4 17 6 7 9 3 1 15 16 9 2 2 13 20 12 19 3 14 8 3 4 2 4 8 14 7 2 15 8 24 16 8 1 15 15 14 16 1 17 1 3 13 10 2 9 5 3 1 16 17 2 8 3 1 8 23 2 18 27 11 3 2 1 18 17 10 20 16 20 9 26 17 15 1 1 13 30 2 8 19 2 8 8 1 3 1 18 4 3 16 8 13 24 7 2 7 9 5 15 10 20 2 1 10 11 19 14 3 16 2 1 1 6 5 2 2 3 3 2 14 18
