B=40	N=800	M=3	Cbw=24920	Cpw=6522

Modes
mode base_power
G 10
R 25
P 50

Task types
type name modes
1 enterprise_emergency G|R
2 maritime_airborne G|R|P
3 cellular_backhaul R|P
4 private_high_priority P

The bandwidth capacity of 40 beams
743 686 719 552 533 482 627 490 479 484
634 780 720 514 527 679 770 666 659 747
650 767 487 592 516 644 689 608 633 524
611 760 518 519 672 645 601 700 770 523

The power capacity of 40 beams
140 140 170 124 149 156 151 141 196 169
184 175 150 161 160 141 166 176 161 133
151 200 158 166 205 184 129 162 183 177
168 204 177 141 143 173 132 205 140 181

The type of 800 tasks
4 3 3 1 3 1 1 2 3 3 1 3 3 4 3 1 4 4 3 2 2 4 2 3 3 2 1 4 3 4 4 4 1 2 3 1 3 1 2 2 1 1 3 3 2 1 1 2 2 2 1 2 1 2 1 3 2 1 1 2 4 2 4 3 2 2 4 4 3 3 4 4 1 4 1 1 2 3 1 4 3 3 1 1 1 3 2 3 2 4 4 2 4 1 3 2 2 1 3 4 1 1 2 4 2 3 2 2 3 1 2 1 3 4 3 2 1 1 3 4 2 1 1 1 2 4 2 1 3 1 1 3 2 2 1 3 2 3 2 3 1 2 2 1 1 2 2 1 3 3 3 3 1 1 1 3 1 3 2 3 3 4 3 3 3 3 1 3 1 1 4 2 2 2 4 1 2 4 3 3 3 4 4 4 2 4 2 1 1 1 1 3 2 3 1 4 1 2 1 1 3 1 4 3 2 3 1 2 2 3 3 1 1 3 1 1 2 3 3 2 2 4 4 1 1 3 1 3 1 1 1 3 3 3 1 1 4 2 1 3 3 1 3 4 1 1 1 3 1 3 2 1 1 3 2 3 4 2 4 2 4 3 2 3 3 1 3 4 1 1 1 1 3 1 1 2 1 4 2 1 2 2 3 1 2 3 1 4 2 3 3 3 2 1 3 1 4 4 1 1 1 1 2 3 1 2 1 1 1 1 2 1 2 2 1 3 2 4 4 2 3 4 2 4 1 1 3 3 3 3 1 1 1 2 1 3 1 3 4 2 4 3 2 2 3 1 4 4 4 4 1 1 4 3 4 1 4 1 4 2 1 1 1 1 2 1 1 2 2 1 1 2 3 2 1 4 3 2 1 2 3 3 3 1 2 1 4 1 1 2 1 2 2 2 1 2 1 1 1 2 1 3 2 4 3 4 2 3 2 1 4 4 1 1 1 4 4 3 2 2 3 1 1 2 2 2 1 2 3 1 1 2 3 3 1 2 1 1 3 3 1 1 1 1 2 2 2 2 3 2 1 1 4 3 2 4 4 4 4 1 4 1 2 1 1 1 3 1 3 2 1 3 1 1 3 3 4 3 1 3 3 1 3 1 2 1 1 1 4 1 2 4 3 1 2 3 2 2 3 2 2 3 1 2 3 2 1 3 4 4 1 3 1 2 2 1 1 1 1 1 1 3 2 3 1 2 4 1 4 3 1 1 2 2 2 2 3 3 1 1 1 3 1 4 3 2 2 3 1 3 3 2 4 2 3 1 1 1 1 4 2 1 4 4 3 2 3 3 2 2 4 4 1 1 1 4 2 2 4 1 1 3 4 2 2 1 3 3 3 1 4 4 2 3 1 2 4 4 1 4 1 3 1 3 2 3 3 4 2 3 1 2 1 3 1 1 2 3 1 3 2 1 2 1 1 2 4 2 2 4 1 4 1 2 2 3 3 3 4 2 2 1 4 4 2 2 4 1 1 3 3 1 1 1 2 1 1 3 1 3 1 3 1 4 2 3 2 1 1 2 2 3 2 1 2 3 4 2 2 4 1 4 3 3 1 3 3 2 1 2 4 1 1 3 2 1 2 1 4 1 1 1 3 4 3 1 1 2 2 2 1 3 1 1 2 1 1 2 1 2 1 4 3 1 3 1 1 2 1 1 3 3 1 1 3 2 4 4 1 2 3 3 1 3 2 1 4 2 2 3 3 3 1 3 3 1 2 4 1 1 3 2 3 3 2 3 3 2 2 1 1 3 1 1 2 2 1 3 2 1 1 1 1 1 1 4 1 2 1 3 4 3 2 1 2 3 4 1 2 2

The profit of 800 tasks
231 152 161 58 169 40 47 65 148 132 47 193 150 337 143 37 278 194 164 99 101 181 120 111 194 96 25 259 183 278 309 258 60 76 142 20 135 31 102 112 59 57 108 142 109 27 36 85 77 55 57 73 21 103 30 145 119 53 27 102 342 101 288 144 72 92 228 202 123 146 318 267 22 334 33 50 91 172 41 227 150 138 20 54 20 186 118 113 50 203 327 71 264 40 144 84 78 57 182 213 26 23 119 265 80 199 57 117 153 26 118 34 115 346 173 89 39 35 148 204 91 24 32 20 112 252 70 20 178 26 56 161 55 51 52 103 102 183 106 116 58 84 118 28 33 59 107 59 190 164 168 173 33 40 34 107 24 177 114 199 102 244 184 179 145 168 42 199 36 54 207 65 83 72 241 30 63 314 104 118 109 262 243 282 115 338 81 49 58 36 56 186 72 176 53 238 37 100 22 40 129 46 263 172 103 123 34 100 60 107 172 31 48 104 59 22 80 182 134 80 91 349 205 27 45 119 32 139 42 44 22 178 117 120 36 57 255 89 39 109 144 20 144 333 60 21 53 179 31 154 87 31 51 197 63 199 189 76 208 68 217 184 67 200 113 35 118 301 24 50 29 51 155 46 20 82 53 305 54 34 111 116 186 57 80 146 32 211 92 129 160 183 106 42 139 36 193 300 23 32 40 53 105 107 58 66 57 59 34 28 50 40 110 56 39 140 91 322 222 107 188 267 90 202 37 47 163 186 162 181 45 22 32 63 32 155 40 126 181 90 285 180 96 54 198 58 320 238 186 333 39 38 338 106 338 43 339 57 229 54 41 25 28 45 59 27 49 82 84 59 24 72 154 88 45 236 130 56 59 80 162 117 188 39 101 26 304 36 52 101 24 53 105 73 37 82 48 55 57 61 37 102 107 182 164 259 114 200 118 54 279 259 22 30 35 305 342 113 63 52 187 56 29 71 112 66 32 78 184 21 47 62 151 191 57 65 38 24 101 160 27 48 52 39 75 90 92 51 119 71 43 54 317 199 72 246 309 239 195 28 192 26 98 28 42 49 127 26 153 66 33 151 56 33 104 191 220 138 39 146 153 35 132 44 77 25 25 26 319 38 68 194 108 48 63 137 60 61 120 70 86 196 29 92 116 111 38 112 258 344 26 165 36 80 59 20 43 34 56 45 36 166 106 141 26 53 345 31 207 194 52 30 99 55 65 92 186 138 40 21 35 144 43 193 159 81 81 137 55 198 186 117 181 101 142 42 49 55 27 273 50 24 267 188 107 74 191 125 89 71 316 271 54 28 39 185 109 67 273 50 35 157 349 50 75 34 101 162 189 55 328 288 62 114 49 60 244 282 39 205 29 131 39 187 107 123 103 284 90 145 22 113 36 182 37 30 120 200 27 187 117 52 58 45 38 73 341 106 89 295 20 347 32 73 107 148 134 196 204 86 76 53 256 283 99 83 193 31 54 103 192 34 52 53 85 35 47 166 55 190 43 181 38 331 90 110 108 52 34 83 87 126 102 53 59 123 319 100 54 347 38 284 127 178 39 168 126 111 32 101 279 21 53 103 110 40 74 35 313 33 50 24 149 227 124 32 21 116 112 90 55 101 24 47 90 48 47 102 51 100 20 216 129 31 158 57 35 108 39 30 165 165 45 41 115 97 299 249 55 106 161 171 31 173 51 30 314 50 63 111 134 100 50 175 181 22 81 239 21 56 167 79 100 188 90 178 171 74 75 57 59 179 32 59 69 71 33 171 75 27 22 44 25 49 39 216 30 75 40 150 333 128 100 44 55 146 207 26 87 75

The bandwidth demand of 800 tasks
49 56 53 2 62 4 8 12 62 62 6 68 89 86 71 6 110 77 66 32 28 46 16 70 98 32 3 41 58 84 98 66 6 18 56 2 93 4 32 25 5 6 58 58 16 3 5 31 25 36 5 32 7 32 2 62 22 6 4 27 111 20 90 75 24 25 110 81 52 84 74 68 6 47 4 5 28 61 2 112 85 98 3 3 6 66 25 74 29 54 77 16 74 8 94 25 36 4 72 83 6 4 36 104 38 83 40 31 80 3 13 8 69 102 87 24 4 4 65 77 27 3 7 6 38 92 39 4 55 8 5 72 19 21 2 80 35 94 26 68 4 29 29 6 7 24 12 7 56 94 84 59 4 8 6 87 3 66 33 89 78 89 69 73 85 50 7 87 5 7 52 31 13 18 110 2 33 111 62 57 76 89 89 41 37 99 20 2 6 8 3 54 31 59 6 81 2 28 4 3 60 7 96 58 36 82 3 29 12 55 53 4 3 80 4 3 16 55 64 25 34 119 67 6 5 64 3 56 7 4 5 99 70 96 7 6 51 30 3 62 76 7 64 98 6 3 7 97 5 50 26 3 5 65 28 80 96 22 102 32 84 94 24 98 60 5 58 81 5 7 5 5 84 4 7 16 6 111 36 4 18 31 87 4 21 56 2 106 12 70 88 73 38 6 72 6 106 46 3 4 6 4 13 88 2 35 5 3 6 3 11 2 17 29 5 94 10 94 87 34 79 98 34 119 5 3 66 90 64 72 3 3 6 36 7 84 2 95 44 38 103 89 16 22 80 3 103 45 90 49 8 8 107 95 112 5 72 2 118 29 7 3 6 7 29 4 6 21 13 6 3 22 68 24 6 99 67 18 4 18 61 75 72 5 36 7 86 5 3 21 2 39 30 32 3 34 5 4 8 27 5 73 32 94 97 62 33 61 35 8 113 93 7 3 6 44 85 95 16 30 76 6 3 11 21 37 7 24 95 2 2 31 59 91 7 27 4 4 100 83 3 4 4 7 27 13 37 28 67 16 7 2 109 79 34 111 113 45 56 2 70 3 32 7 5 5 80 2 100 26 6 89 8 3 94 75 60 54 7 94 87 8 79 4 23 3 5 5 62 4 12 103 52 7 21 87 30 19 62 19 14 53 3 27 65 26 2 94 53 79 7 66 3 10 27 4 4 4 5 3 3 58 16 82 2 36 49 6 71 72 6 6 29 19 21 26 96 97 7 3 7 54 3 57 64 14 27 57 5 51 95 39 103 28 79 8 2 7 7 51 31 6 71 51 60 34 76 78 14 32 73 116 5 5 5 109 11 12 78 3 3 80 71 34 20 3 50 60 81 5 96 58 21 82 5 32 84 115 6 41 5 55 4 60 36 64 84 104 31 55 5 33 6 77 8 3 35 75 4 94 21 2 24 2 6 23 80 30 19 66 5 104 7 27 35 87 57 72 111 16 13 6 88 46 39 25 62 4 7 84 87 6 6 5 27 3 3 78 7 54 4 74 2 51 38 70 38 4 2 24 37 64 17 5 39 87 77 30 19 79 5 47 54 59 6 96 78 11 4 34 86 5 4 66 39 2 19 4 88 8 7 5 77 76 88 7 6 33 16 35 2 67 4 3 14 3 6 26 7 25 7 100 90 6 58 5 6 39 2 4 64 75 4 3 91 23 103 64 2 15 70 88 3 72 38 6 59 25 22 81 61 71 7 82 87 8 35 51 3 3 83 32 88 60 39 95 73 36 23 7 5 73 6 7 29 14 7 69 10 4 4 7 7 4 5 48 6 39 4 93 117 81 20 4 10 94 44 5 13 35

The power demand of 800 tasks
13 13 18 1 8 1 2 4 15 17 1 10 18 29 15 2 26 19 14 8 4 27 7 16 17 9 3 26 14 28 28 15 1 7 16 2 12 2 3 9 2 3 10 16 8 1 1 7 3 5 1 8 1 6 1 19 4 2 2 8 17 5 23 18 4 8 12 28 11 12 17 27 1 26 2 1 4 10 2 24 16 18 2 1 2 11 3 16 10 21 26 3 21 2 14 8 8 1 19 19 3 3 9 26 5 11 8 4 19 1 4 2 10 22 17 10 2 3 12 14 8 1 2 1 10 16 5 1 17 2 1 11 6 6 2 11 6 18 7 15 1 6 6 1 2 9 9 2 12 9 14 20 3 3 2 11 1 10 4 19 14 21 18 16 18 12 2 15 1 3 26 6 4 6 18 2 3 22 14 12 9 18 30 23 9 25 9 1 2 3 2 13 4 17 2 25 1 7 2 1 12 1 12 18 4 20 1 7 8 12 14 3 1 15 1 3 9 17 12 5 7 12 24 2 1 16 2 12 1 1 3 14 11 14 2 1 30 6 3 15 20 3 18 15 1 1 2 15 2 19 8 2 1 18 4 18 21 5 14 8 16 12 6 18 10 3 19 11 1 1 2 2 16 2 2 8 2 16 8 1 7 6 17 2 6 12 1 25 3 19 12 12 4 3 19 2 18 28 3 3 1 2 6 19 2 7 1 1 1 1 9 1 6 9 3 15 9 18 26 10 9 22 8 23 1 3 9 11 8 12 2 1 2 3 2 15 3 13 22 5 26 10 5 8 12 3 26 23 12 23 1 2 25 17 12 2 17 2 18 7 3 2 1 2 6 1 1 7 8 2 1 6 8 4 2 30 18 7 2 6 13 10 17 2 9 1 21 2 1 8 1 4 8 5 2 6 1 2 1 7 3 17 5 17 8 24 9 11 7 1 11 18 3 3 1 16 23 19 9 9 18 2 3 10 8 7 1 5 17 2 2 7 15 20 1 8 1 2 18 9 2 1 3 1 5 7 3 4 9 5 2 3 30 8 8 18 10 11 19 1 29 3 8 2 1 2 14 2 19 4 2 15 3 3 15 19 13 13 2 10 17 2 16 2 8 3 1 2 22 1 8 27 11 1 8 11 3 9 11 6 6 15 1 5 17 9 3 9 20 11 1 14 1 4 4 2 2 1 1 1 1 20 7 14 1 3 27 2 17 19 3 1 5 3 4 9 13 15 1 2 3 15 2 19 14 5 5 19 2 11 15 5 23 4 12 1 2 2 3 14 5 2 30 15 11 7 16 12 4 4 28 11 1 2 2 25 9 7 17 2 2 16 29 6 6 1 20 13 16 3 21 15 5 9 1 9 13 18 3 13 2 14 1 15 3 20 16 21 8 19 2 8 3 20 1 2 9 16 1 18 4 2 10 2 3 4 20 7 7 30 1 24 1 8 5 17 18 16 23 8 4 1 18 11 6 6 29 1 1 11 16 2 2 2 5 2 1 12 1 16 2 19 3 27 4 18 5 1 2 8 5 10 4 1 9 13 29 7 9 25 2 25 17 18 3 10 16 6 2 5 17 3 1 14 8 3 7 3 26 2 2 1 15 20 19 1 1 4 4 5 2 15 1 2 10 1 3 9 1 7 2 23 14 2 9 2 3 5 3 2 10 13 1 2 11 9 11 19 1 3 11 12 2 12 3 1 15 3 4 15 12 19 1 16 10 3 7 16 2 1 20 8 18 10 9 12 14 8 4 3 3 12 3 1 7 9 2 11 6 2 1 2 2 1 2 13 1 7 1 13 29 17 6 1 5 14 30 2 8 3
