B=20	N=200	M=3	Cbw=6656	Cpw=1957

Modes
mode base_power
G 10
R 25
P 50

Task types
type name modes
1 enterprise_emergency G|R
2 maritime_airborne G|R|P
3 cellular_backhaul R|P
4 private_high_priority P

The bandwidth capacity of 20 beams
330 388 381 299 382 282 385 310 298 388
376 381 343 290 304 330 284 335 291 279

The power capacity of 20 beams
109 113 88 103 85 105 100 90 97 122
87 96 111 88 110 85 87 87 97 97

The type of 200 tasks
1 1 3 2 4 2 2 1 2 1 1 2 3 2 1 2 1 1 4 2 1 3 1 1 4 3 4 4 2 3 2 3 2 2 3 4 1 1 3 1 1 2 4 3 1 2 2 3 1 1 1 2 2 1 2 2 1 3 4 1 3 4 1 2 3 4 4 2 2 1 1 2 2 1 2 2 3 3 1 3 1 2 1 3 1 1 3 2 3 4 2 3 1 1 3 1 1 3 2 1 1 1 2 4 4 1 1 3 1 2 4 1 2 2 1 3 2 4 3 2 2 4 3 2 3 4 2 2 4 1 3 2 1 1 3 3 1 2 1 1 1 3 4 4 3 3 3 3 1 3 1 3 1 1 1 4 2 3 1 4 2 4 1 4 3 1 1 1 3 1 3 1 1 2 3 4 1 3 3 2 3 4 3 2 3 3 4 3 1 4 2 1 1 2 1 3 1 2 4 1

The profit of 200 tasks
48 59 165 71 254 52 64 37 69 38 23 76 155 62 60 109 59 22 317 64 37 158 55 33 229 138 282 216 56 108 101 179 82 75 165 204 54 38 131 47 40 120 205 101 56 116 89 195 36 36 37 50 99 22 55 53 54 172 236 27 119 298 43 112 147 187 231 108 85 20 55 86 69 44 102 64 170 131 37 194 37 85 21 142 34 40 173 65 187 301 117 145 42 40 113 54 24 163 82 48 30 22 58 324 224 40 58 129 24 82 252 32 69 69 27 130 79 270 124 98 57 311 139 67 124 342 107 100 297 20 131 89 23 28 100 135 32 103 57 55 41 119 321 275 101 137 193 169 43 177 47 129 57 29 44 274 58 193 35 275 75 181 35 333 118 30 32 59 137 27 194 38 60 89 164 216 54 119 143 95 181 216 158 62 122 149 202 136 30 249 61 26 36 116 43 184 55 56 332 52

The bandwidth demand of 200 tasks
7 4 69 35 45 29 31 4 36 8 3 39 73 18 8 11 3 4 77 23 5 86 4 4 100 100 85 114 30 81 25 62 25 33 58 67 5 5 61 4 6 19 60 53 3 28 13 52 6 3 7 26 39 2 10 38 4 85 103 4 73 109 7 26 63 76 48 33 19 3 2 18 12 2 17 20 100 62 2 88 5 19 6 71 8 5 65 29 87 57 32 65 3 7 92 4 6 85 16 5 7 3 35 115 88 4 2 59 4 36 89 6 23 29 6 57 20 67 73 34 15 71 55 33 59 94 22 15 84 4 72 21 3 5 66 97 5 39 6 5 4 76 59 58 99 89 58 86 6 86 4 92 6 3 4 50 19 83 8 69 24 100 5 98 55 3 7 3 94 3 99 6 3 29 65 111 4 76 99 36 57 96 82 22 94 84 47 84 7 50 19 8 8 33 5 99 4 36 97 3

The power demand of 200 tasks
3 1 18 8 18 10 8 2 4 2 2 5 14 7 2 8 2 1 26 6 1 13 3 1 21 9 26 24 10 14 7 17 8 10 17 29 1 3 14 1 1 8 28 13 3 7 4 20 2 2 2 10 4 2 10 5 1 8 11 3 10 26 3 8 9 22 25 3 6 3 2 4 10 2 9 8 12 16 3 16 2 3 1 14 1 1 14 10 17 28 5 8 2 1 18 3 2 15 4 3 2 3 10 11 27 1 1 13 1 9 27 2 10 6 3 13 4 13 10 9 7 27 18 7 10 19 8 6 27 3 10 4 2 1 20 9 3 6 2 2 1 10 19 17 12 15 17 13 1 18 1 12 2 2 3 24 6 14 2 19 6 29 1 12 9 1 1 1 9 3 18 1 2 8 8 10 2 18 15 3 13 20 9 6 17 18 28 18 3 11 5 1 1 6 3 11 2 5 23 2
