B=80	N=2400	M=3	Cbw=69461	Cpw=17273

Modes
mode base_power
G 10
R 25
P 50

Task types
type name modes
1 enterprise_emergency G|R
2 maritime_airborne G|R|P
3 cellular_backhaul R|P
4 private_high_priority P

The bandwidth capacity of 80 beams
1087 1049 681 819 975 808 1022 842 1082 1029
1003 797 994 733 946 1032 811 677 843 852
895 1035 1086 980 862 974 1026 805 783 804
1039 725 680 682 801 833 707 818 678 717
935 746 805 690 933 872 878 888 970 970
688 707 937 965 786 922 1075 876 876 917
717 904 759 696 872 843 959 775 675 932
738 973 890 912 1009 882 767 847 796 1067

The power capacity of 80 beams
191 246 206 240 164 172 223 171 246 202
232 239 163 262 211 228 252 234 227 181
248 189 228 212 246 249 262 221 224 193
187 178 261 267 220 263 170 263 216 231
224 234 254 181 163 239 217 174 177 184
255 237 259 224 175 188 216 213 192 206
189 169 169 223 215 226 162 202 240 251
265 219 175 266 199 194 196 262 219 202

The type of 2400 tasks
2 1 4 2 3 3 4 3 4 1 1 1 2 1 2 4 1 2 2 1 1 1 1 4 3 3 2 3 1 1 2 1 1 3 2 3 3 4 1 1 3 4 1 1 4 1 4 2 1 1 1 1 3 3 3 1 2 1 3 1 2 3 2 3 3 3 3 1 1 4 2 2 4 2 3 1 4 3 2 3 2 4 4 3 4 2 1 1 2 2 3 4 2 1 2 1 3 1 3 1 4 3 3 3 1 1 2 3 1 3 3 2 2 1 1 1 3 3 1 3 2 2 1 2 1 2 1 2 1 2 3 2 2 2 4 3 4 2 2 2 1 1 1 2 1 2 2 2 3 1 3 1 1 1 3 1 4 1 3 1 1 1 3 3 3 3 4 1 2 1 1 4 4 3 4 1 1 1 1 2 3 1 1 1 3 3 4 3 3 3 1 4 3 1 1 2 1 2 2 1 2 2 2 1 3 3 3 2 1 3 3 1 1 1 2 1 3 3 4 1 4 1 1 1 2 2 3 2 2 1 3 4 3 1 4 2 3 1 1 4 2 1 2 1 2 1 4 3 4 3 3 3 1 1 2 3 1 2 1 3 1 3 2 1 1 3 1 2 2 2 4 1 3 2 4 4 1 1 2 1 4 2 4 2 1 4 1 3 3 3 2 1 3 3 1 3 3 2 2 3 3 1 3 4 3 1 4 3 4 2 4 2 3 3 4 1 4 3 1 1 3 3 4 2 3 2 3 4 2 3 1 2 3 2 4 1 1 2 3 3 1 3 3 2 2 3 1 4 4 3 3 4 2 1 1 3 1 1 3 1 1 3 4 3 1 4 3 3 4 1 2 2 1 1 4 3 2 3 1 3 3 2 2 3 1 2 1 3 1 2 1 4 3 3 1 2 4 2 2 3 4 2 3 4 1 2 2 1 3 1 2 3 1 3 2 2 4 4 3 3 3 1 4 1 1 2 2 2 3 2 1 3 1 2 1 1 4 1 1 1 2 2 4 1 2 1 1 4 1 3 2 1 2 1 2 3 1 2 3 1 3 2 4 1 3 2 1 3 4 4 2 3 2 1 4 3 2 4 3 3 1 1 4 2 1 2 1 3 1 1 4 2 1 2 1 3 3 1 4 3 1 3 1 2 1 1 4 2 3 1 2 1 2 4 1 4 3 1 1 3 1 1 2 1 3 4 4 1 1 3 2 1 2 3 2 1 4 2 1 2 2 3 4 4 1 1 2 3 3 1 2 1 2 2 1 4 2 4 2 2 3 3 2 4 3 1 4 2 1 4 3 3 1 3 1 2 3 2 3 2 3 1 2 3 4 4 3 2 4 4 1 4 2 1 3 2 3 4 2 3 4 2 3 2 3 4 1 2 1 1 1 1 3 1 3 4 1 3 1 4 1 4 1 2 2 2 3 1 2 4 1 3 3 1 1 3 2 2 1 3 3 1 3 4 2 1 3 2 3 1 4 3 3 2 3 2 1 1 2 2 4 3 3 4 4 1 2 2 2 1 2 3 4 3 4 2 4 1 4 3 1 1 3 1 1 3 1 1 2 1 1 2 4 1 3 1 3 2 1 3 1 1 2 2 2 1 1 4 1 2 1 2 4 2 3 3 1 3 1 1 2 3 1 1 3 1 3 1 1 1 1 2 2 3 1 1 3 3 3 1 2 2 4 1 1 2 2 2 1 1 1 3 4 3 1 3 4 3 2 1 1 3 1 1 2 1 2 3 4 2 4 4 2 1 1 4 3 3 1 1 1 1 1 1 1 2 1 1 2 3 3 1 2 4 4 1 1 1 4 3 2 2 4 1 3 3 1 3 2 1 2 1 1 1 3 4 2 1 1 2 1 2 2 4 2 2 1 3 2 3 3 2 3 2 3 1 3 2 2 4 1 2 4 2 1 3 4 3 1 4 3 2 2 1 1 2 1 2 2 3 4 3 4 1 4 3 1 4 2 3 3 1 1 3 3 1 3 1 3 3 1 4 1 3 4 2 3 1 1 3 3 1 3 1 1 4 1 1 3 1 4 2 3 2 3 2 4 4 4 2 2 1 2 3 1 1 2 3 1 3 1 2 2 1 3 3 1 2 1 4 4 2 4 2 2 1 1 3 3 1 3 3 1 1 3 1 4 1 4 1 4 2 3 2 1 3 1 4 1 2 1 1 2 3 3 4 2 3 1 2 1 1 1 1 1 1 3 3 3 2 1 1 4 2 4 1 3 1 1 3 2 1 1 4 1 4 3 1 3 3 3 1 2 1 1 1 3 1 4 1 2 2 1 2 1 2 3 4 2 2 1 3 1 3 1 1 2 3 3 4 1 4 1 1 1 3 3 2 1 3 3 2 1 2 3 1 3 2 1 3 2 4 1 1 1 3 2 3 2 3 2 3 2 1 1 2 1 2 1 1 1 2 3 2 3 4 1 4 1 3 1 1 2 3 2 1 1 2 1 2 2 1 1 3 1 2 4 3 2 3 1 2 2 1 2 2 2 4 2 2 3 3 2 1 2 2 1 3 1 1 3 4 1 4 1 2 1 1 4 1 1 1 3 1 1 3 2 4 1 2 3 4 1 4 2 1 1 2 1 2 2 4 3 1 3 2 4 2 4 1 3 1 3 2 3 2 2 4 1 2 3 2 1 1 3 3 2 3 2 3 1 4 2 2 2 4 1 4 2 2 3 1 1 3 3 4 1 1 2 1 1 2 1 4 4 3 1 1 4 3 2 1 2 2 4 1 1 4 3 1 1 1 1 2 2 1 2 2 4 3 1 2 1 3 2 2 1 2 1 1 1 1 2 1 3 3 2 2 2 1 2 2 3 2 1 3 1 3 4 1 3 2 4 2 2 2 2 3 1 4 1 3 1 2 4 1 2 2 2 1 1 4 3 1 1 2 1 1 1 3 2 3 3 3 3 4 3 4 1 1 3 1 3 4 4 3 3 1 1 3 1 4 2 4 3 2 3 3 2 2 3 1 4 3 4 1 1 2 3 3 3 2 1 2 4 1 1 1 3 3 4 3 1 1 1 3 2 2 1 1 3 2 4 1 3 1 2 3 2 1 4 2 1 4 3 1 4 1 2 3 2 4 3 4 3 4 1 3 1 2 4 1 1 2 1 1 4 1 1 3 4 2 1 1 1 2 2 4 4 1 2 1 1 2 3 2 3 4 1 4 3 2 1 3 2 1 3 3 1 3 1 1 2 1 2 2 3 4 2 1 2 4 2 3 4 2 1 1 4 2 4 1 3 3 1 1 3 3 4 1 4 4 3 3 1 3 4 3 3 3 3 1 3 3 2 1 3 1 3 4 1 1 1 4 1 2 2 3 1 3 3 2 3 2 1 4 4 1 3 2 4 2 2 4 2 1 2 3 1 2 1 2 1 4 2 2 2 1 2 4 3 1 4 2 3 2 1 4 1 4 4 1 4 3 2 3 3 3 1 3 2 3 2 4 3 2 3 3 3 2 4 1 4 2 1 4 1 3 3 3 3 4 4 1 1 4 2 2 1 1 3 1 1 4 1 3 3 1 1 2 1 4 2 1 4 2 1 1 1 4 3 1 1 3 1 2 4 1 1 4 1 3 1 1 1 2 2 4 3 1 1 1 2 4 3 4 4 3 3 1 1 1 1 1 1 2 1 2 1 3 1 2 3 4 4 1 1 1 2 4 4 2 2 1 4 2 1 1 1 3 2 1 3 1 1 1 4 1 1 2 3 1 3 2 3 1 2 1 4 1 2 3 2 1 2 1 1 1 3 3 3 1 1 1 2 2 2 2 2 1 2 3 2 3 1 1 2 2 1 2 2 3 2 1 4 2 2 2 1 3 2 4 2 1 3 1 4 1 3 4 3 4 1 1 4 1 2 4 1 2 3 4 3 1 1 1 1 4 3 1 4 4 1 1 1 1 1 1 2 1 3 1 2 2 3 2 1 2 1 4 2 2 4 3 4 2 1 4 4 2 1 2 1 3 1 3 2 3 2 2 2 1 4 3 1 3 1 2 4 4 1 2 2 1 1 2 3 2 2 1 1 4 3 3 2 3 2 2 1 1 1 4 1 3 3 3 1 2 1 2 4 1 1 1 1 3 2 1 1 2 2 2 4 1 3 1 4 3 3 1 4 3 1 2 4 1 1 4 2 4 3 3 1 1 4 4 1 1 3 1 2 3 2 2 2 3 2 1 1 4 3 2 2 2 1 2 4 1 2 2 2 4 4 1 1 3 1 3 1 3 2 3 3 1 3 1 4 1 1 1 1 1 1 3 3 2 1 4 1 3 4 3 3 3 4 3 2 3 2 1 4 1 3 2 1 1 3 1 1 1 3 1 1 1 4 2 4 1 4 3 1 1 1 4 3 3 2 2 3 3 4 2 3 2 3 4 2 1 4 2 1 1 3 4 2 1 2 3 1 3 1 1 1 4 1 1 2 2 1 3 1 4 4 1 2 3 1 1 4 4 2 1 4 2 2 1 1 1 3 2 2 1 3 4 2 3 2 2 3 3 4 1 1 3 4 2 2 1 1 2 3 2 2 3 2 1 3 1 3 3 1 1 1 1 2 2 3 2 1 3 1 1 1 1 1 1 1 3 1 3 3 1 2 2 3 1 3 4 1 3 1 2 3 4 4 2 3 1 1 3 2 3 4 3 1 1 3 1 1 3 3 2 2 2 3 1 3 3 3 3 2 1 3 1 3 2 4 3 2 1 3 1 3 2 1 3 4 1 1 3 1 2 2 2 1 1 1 1 3 4 1 3 2 3 4 3 2 3 1 4 3 3 1 2 1 2 2 3 2 1 4 2 3 3 3 3 2 3 3 3 3 1 1 4 1 3 2 1 1 2 3 1 1 3 1 4 1 1 3 1 2 2 1 2 1 3 2 3 1 1 2 2 2 2 3 3 1 1 1 2 2 4 4 2 3 1 2 3 3 4 3 1 4 3 1 3 3 3 2 2 4 2 1 1 1 4 2 4 2 1 2 1 2 1 2 2 2 2 4 1 3 2 3 1 4 3 1 3 3 2 2 1 2 1 1 1 1 4 1 2 4 2 4 1 2 3 3 1 2 2 2 2 3 3 1 1 3 3 4 3 2 1 3 1 3 2 4 2 2 1 2 1 1 1 2 2 3 3 4 3 4 2 2 1 2 1 1 3 4 4 2 1 2 3 1 1 4 2 2 2 1 1 2 1 3 1 1 2 1 3 1 1 3 4 4 2 2 2 1 1 1 3 3 3 4 1 2 4 2 1 4 4 2 3 1 1 4 1 1 4 2 3 1 4 2 1 2 2 4 1 4 3 1 1 3 2 4 4 1 1 1 3 1 3 1 4 3 3 3 2 4 3 2 1 3 2 1 1 2 1 1 3 1 1 1 1 2 2 1 4 3 3 1 3 4 2 4 1 4 3

The profit of 2400 tasks
95 34 254 61 162 129 318 185 341 48 53 55 61 26 120 282 24 60 83 52 47 50 32 252 160 125 78 118 46 25 50 35 39 146 87 196 128 312 48 35 180 291 56 55 213 29 217 75 23 55 37 47 163 187 141 55 70 52 139 33 111 149 113 196 136 177 196 21 29 293 69 61 285 109 199 44 336 171 104 121 120 250 332 146 269 98 45 32 57 107 177 222 74 44 50 53 132 57 158 53 319 103 193 127 32 46 113 185 41 179 138 111 96 47 24 40 141 127 50 150 111 61 56 111 24 74 27 102 32 58 108 80 70 93 343 177 185 117 91 99 20 42 37 116 20 89 64 107 160 22 106 25 42 28 171 56 309 27 156 57 47 48 111 127 187 135 248 20 72 41 56 315 326 103 336 55 46 27 48 60 182 50 45 30 174 151 331 121 195 183 37 285 149 45 57 69 34 112 89 59 64 73 64 56 182 199 178 94 44 141 135 25 59 47 112 33 145 177 265 56 301 41 43 34 73 106 124 87 91 46 125 259 188 36 320 59 150 39 44 338 108 34 66 45 108 45 242 186 262 199 154 112 20 34 72 185 55 93 34 181 54 162 106 55 33 178 23 53 67 98 311 38 174 103 311 227 53 31 102 53 272 112 309 110 32 328 41 153 137 121 84 28 153 108 24 108 173 115 53 117 186 45 100 293 107 50 205 121 196 118 299 91 152 135 296 31 242 132 55 41 148 182 258 98 115 68 159 315 70 153 31 71 195 110 188 23 32 111 188 112 50 115 127 117 108 107 59 230 343 167 145 306 50 25 39 144 36 22 103 45 31 117 259 119 20 258 195 110 232 34 82 90 34 24 231 186 64 107 38 117 175 103 101 179 36 87 27 121 22 89 55 311 165 160 42 87 304 81 73 187 220 118 141 266 31 84 117 40 135 25 111 106 21 163 50 69 243 185 192 179 129 29 276 53 44 87 68 67 127 51 59 137 30 105 45 54 196 22 37 34 97 57 192 36 72 21 47 313 31 166 85 46 114 49 110 183 54 57 132 35 175 74 318 54 159 52 53 112 311 300 94 142 88 41 322 174 97 263 185 117 52 44 217 72 33 74 44 194 33 37 308 117 49 56 47 151 134 52 295 171 27 103 54 116 52 43 316 80 158 49 103 42 59 241 47 213 105 51 39 142 33 20 81 38 126 186 188 56 53 114 88 31 120 193 64 47 315 64 57 65 109 131 196 349 23 33 66 139 197 48 97 33 84 101 59 298 113 255 93 78 142 197 92 323 196 42 301 67 20 253 177 126 32 118 59 74 178 57 189 64 155 40 113 174 255 213 125 92 308 340 54 191 120 58 143 101 100 274 73 147 311 69 131 53 170 243 28 61 44 44 44 44 107 46 110 219 32 176 58 242 25 181 44 94 61 81 138 30 87 261 45 140 139 42 21 110 51 92 25 193 140 30 182 275 105 51 189 108 128 44 274 115 181 60 152 118 45 33 76 99 304 110 103 216 256 56 95 51 93 60 78 191 211 164 269 82 305 35 253 193 58 32 142 27 56 135 24 35 74 34 25 74 204 35 109 52 111 91 36 199 55 45 67 89 111 38 51 184 34 72 24 116 329 55 158 166 60 152 50 41 120 175 24 22 107 59 172 31 51 47 48 120 105 102 60 57 130 100 151 57 90 69 216 37 32 58 115 66 22 43 25 122 277 128 21 139 313 182 62 47 23 187 51 48 86 58 65 199 190 60 261 182 90 36 20 287 191 162 20 44 39 55 41 42 35 109 36 23 99 180 124 54 61 281 334 51 30 43 281 149 78 101 217 36 161 151 39 100 110 44 91 39 54 40 126 330 103 46 23 111 52 113 118 200 97 58 38 144 110 118 108 56 159 57 181 37 165 57 67 201 28 51 263 60 31 102 250 112 42 331 120 93 73 26 37 56 42 66 97 192 189 193 231 21 276 183 38 253 76 197 198 50 37 103 122 37 172 45 129 126 52 194 35 145 342 98 146 24 58 102 159 57 181 56 54 309 20 38 145 38 263 113 103 84 104 69 241 214 285 79 78 52 109 108 52 42 62 200 35 140 38 55 75 41 174 115 52 110 38 205 186 61 252 58 109 53 36 182 167 25 147 180 50 21 200 27 244 24 210 20 305 83 135 81 50 100 46 283 57 81 22 30 67 135 106 181 98 125 32 63 59 40 55 58 21 53 112 111 192 119 23 47 236 109 228 39 157 53 36 118 69 47 46 180 38 318 146 56 143 159 143 21 76 42 30 49 159 49 238 47 74 93 42 97 51 89 197 309 58 107 22 158 34 177 59 25 83 168 112 262 40 332 58 52 28 143 200 90 31 100 196 51 55 93 139 32 143 83 20 165 111 330 30 40 39 198 111 130 109 184 75 142 90 45 39 52 44 108 30 27 25 95 143 58 194 268 26 259 56 129 32 46 60 137 89 38 45 109 41 110 81 28 25 178 26 57 198 112 90 165 54 85 56 27 78 105 66 252 84 112 164 186 81 44 55 102 41 172 35 54 117 205 59 294 26 108 42 57 187 56 41 32 153 24 26 129 65 208 37 119 131 245 53 186 57 40 49 111 44 102 51 209 190 58 177 91 240 104 347 60 186 35 180 98 134 80 108 344 51 71 192 75 49 55 162 159 101 188 116 147 37 204 92 114 61 214 52 246 52 110 112 28 25 125 122 294 45 58 81 40 49 94 38 249 319 161 52 43 293 108 51 49 69 83 182 57 20 314 116 50 22 40 26 53 76 33 95 120 215 166 39 111 25 199 83 100 55 115 42 23 37 25 108 49 110 138 86 89 89 55 72 111 131 78 25 114 37 196 293 31 170 110 273 84 110 90 109 130 41 203 21 177 41 112 219 36 108 90 110 53 43 180 197 47 58 103 37 59 41 136 68 196 173 114 156 216 151 348 60 24 171 53 182 304 197 195 125 20 20 174 39 225 113 192 156 85 191 168 111 67 145 25 186 137 208 27 54 65 138 105 155 72 25 74 234 41 27 28 196 124 246 114 50 48 26 105 92 113 37 32 138 63 309 28 196 48 70 190 84 35 194 61 30 328 178 50 180 59 84 182 87 275 157 215 179 192 56 106 43 118 256 26 35 104 57 30 312 42 53 112 245 119 30 29 52 55 116 315 292 38 117 55 20 88 166 69 157 347 48 182 183 65 20 111 106 56 160 154 34 162 26 43 118 59 79 98 120 347 94 58 66 211 98 167 203 87 58 32 232 87 234 20 120 136 22 54 181 110 244 34 330 226 126 100 52 187 231 197 169 180 146 55 173 118 61 43 194 54 180 246 51 31 26 227 42 63 91 114 53 103 164 113 109 80 43 198 285 49 151 80 204 87 100 202 116 59 117 117 36 54 55 113 34 278 106 82 50 58 54 185 147 52 265 84 168 57 21 191 50 327 350 47 191 190 108 115 129 173 30 165 90 152 74 189 135 108 137 147 141 58 327 41 180 88 51 225 22 185 140 170 188 230 279 48 38 227 103 53 40 30 103 35 34 182 39 128 117 23 31 50 32 314 56 22 266 88 51 55 34 200 150 51 53 103 35 115 250 56 21 226 52 166 27 56 23 73 89 201 129 23 58 45 62 302 139 216 300 174 104 38 46 31 32 56 56 116 22 106 43 163 49 55 198 285 237 40 31 34 95 310 288 90 76 21 329 110 20 59 42 188 113 23 192 57 47 25 319 24 36 83 138 20 161 76 180 40 118 29 256 56 66 157 94 40 60 51 50 59 150 146 103 45 32 26 120 79 111 74 112 37 67 151 81 158 47 46 93 86 51 98 113 165 63 42 224 118 113 87 43 140 113 204 77 26 193 26 192 52 127 254 160 279 28 52 333 37 98 309 39 69 147 202 177 34 32 34 45 343 162 55 298 242 20 24 31 54 44 46 65 51 126 39 97 68 132 83 25 60 27 203 116 94 196 198 229 98 50 210 333 60 27 91 41 153 47 182 76 132 120 99 79 34 186 115 43 136 35 52 185 207 47 73 63 32 29 105 122 63 112 38 55 196 180 135 113 134 85 117 33 39 52 226 32 166 123 187 42 89 35 105 234 56 46 50 41 138 95 54 60 71 54 89 194 44 172 52 305 105 125 35 295 106 51 92 321 38 40 335 74 243 162 187 38 28 233 196 42 51 127 52 85 192 74 103 52 117 98 27 35 261 108 101 107 81 34 68 318 43 62 70 80 217 312 51 37 146 46 173 51 191 91 123 110 22 191 47 324 39 30 59 24 55 49 153 106 79 29 296 24 172 197 105 141 164 275 119 72 148 78 27 283 23 135 89 25 45 105 40 55 37 164 22 38 36 229 91 204 24 243 103 32 46 52 185 146 151 111 62 130 163 270 92 132 78 181 195 119 40 265 90 46 60 154 239 89 44 58 154 39 193 42 40 28 320 50 25 105 98 41 178 49 285 349 53 113 119 35 36 334 208 58 53 279 106 86 39 30 37 196 84 89 42 105 267 92 163 73 54 114 163 195 35 56 103 301 100 86 24 36 81 144 86 62 119 118 48 180 35 143 106 54 36 50 49 90 54 107 80 57 114 36 40 48 28 20 55 49 149 26 168 119 43 69 118 155 22 143 308 30 199 20 68 167 316 191 93 100 42 25 120 97 198 237 127 38 43 151 33 56 130 100 83 112 68 162 23 184 187 165 132 91 47 165 48 160 97 204 179 98 24 165 20 147 87 35 169 214 34 44 167 34 117 92 89 57 54 39 45 197 213 41 175 79 172 350 142 78 115 46 296 160 198 43 102 57 118 72 104 91 48 308 99 121 186 104 183 87 108 192 138 118 59 55 193 29 181 78 30 23 88 134 50 24 101 49 254 57 47 193 34 54 112 22 108 58 187 52 198 57 55 74 79 119 63 180 149 34 31 60 100 107 218 287 96 147 52 68 160 108 350 183 41 199 102 34 141 104 139 106 92 247 90 23 33 25 234 69 314 77 40 56 26 66 47 56 51 90 97 295 40 113 76 149 37 210 108 42 199 107 109 107 26 109 48 42 50 54 259 21 95 323 67 266 47 103 171 168 51 65 65 78 53 139 199 60 44 174 197 308 168 85 25 118 31 112 119 224 72 70 49 81 44 24 41 118 61 166 137 197 181 211 116 70 39 65 36 49 123 218 311 88 40 110 188 31 47 182 50 84 60 36 57 77 33 150 32 22 87 57 145 45 27 103 347 306 78 73 117 20 22 38 116 116 147 227 38 118 302 93 38 234 344 117 152 56 33 208 25 34 305 95 196 56 326 105 34 85 55 268 30 298 162 57 31 178 56 233 270 42 22 53 189 22 126 25 287 152 172 161 103 291 156 56 51 129 104 56 54 63 55 40 107 54 37 30 40 58 93 50 340 136 154 55 113 269 67 286 22 335 189

The bandwidth demand of 2400 tasks
22 2 57 10 97 72 71 75 56 8 4 6 28 5 25 103 4 34 18 4 6 2 7 116 56 73 17 75 5 3 12 3 4 63 13 62 70 64 3 5 79 115 7 5 96 3 110 14 5 3 5 5 59 64 63 3 18 3 73 7 22 81 30 91 98 55 56 5 8 70 35 26 63 29 99 3 109 92 21 54 38 83 115 72 47 14 3 5 31 10 79 82 22 3 31 6 78 2 96 3 103 70 98 86 7 8 16 82 2 68 53 35 14 6 7 3 52 75 6 66 23 11 7 12 5 33 8 36 3 24 91 30 32 38 116 81 50 13 29 26 3 5 3 19 4 13 16 22 64 4 69 8 6 6 51 2 54 3 83 8 2 2 74 95 65 89 69 3 30 2 3 50 109 83 106 6 4 4 5 39 73 6 3 8 74 51 91 94 52 82 7 50 79 2 7 15 6 20 22 6 18 21 30 3 73 100 85 19 7 62 64 5 3 7 17 2 79 50 54 3 73 5 7 4 11 13 92 19 24 5 59 107 61 4 41 13 100 5 2 98 13 6 31 4 31 6 87 63 85 60 100 92 4 8 33 82 2 16 3 54 4 98 35 7 4 72 7 19 27 19 42 3 57 15 76 105 7 5 35 4 72 37 96 37 6 58 7 94 60 56 35 5 91 62 5 60 86 13 39 97 63 3 93 97 50 6 51 93 50 36 83 21 92 84 66 7 50 67 7 8 87 80 94 34 73 21 62 79 22 67 3 35 55 24 91 8 6 14 66 55 3 64 81 37 39 64 2 93 113 67 85 114 15 7 7 72 2 6 57 8 6 83 111 91 5 102 97 52 42 6 16 35 2 6 67 87 15 71 7 78 90 30 14 56 5 14 5 53 7 20 3 42 78 63 3 17 88 26 29 79 93 15 51 65 6 27 19 7 55 6 23 62 7 91 33 19 81 47 68 76 89 5 100 4 6 14 26 33 71 36 7 66 8 18 5 3 108 6 4 3 25 31 117 3 29 8 7 59 8 64 13 5 37 4 27 88 5 22 50 2 90 34 54 4 52 14 6 58 43 88 12 61 36 5 43 74 39 86 89 56 4 7 44 25 4 22 8 51 6 2 71 11 7 14 8 57 57 7 68 88 2 98 4 19 7 6 89 18 96 3 29 6 14 113 5 70 72 4 7 83 7 5 29 5 97 64 117 3 3 73 36 5 24 62 19 5 61 38 2 36 21 94 105 100 3 6 19 89 65 7 21 6 26 40 4 41 39 42 21 25 78 68 23 55 74 3 91 16 3 42 56 75 7 81 3 12 69 36 67 24 53 4 21 54 69 63 52 17 101 95 7 61 16 6 53 13 65 58 17 66 79 17 72 21 100 112 3 37 7 4 3 7 95 7 74 70 5 57 3 71 3 68 7 34 39 21 73 4 29 41 5 96 52 4 5 98 34 31 4 85 93 6 100 114 10 5 68 31 75 8 69 98 73 40 77 23 4 3 34 13 93 90 53 119 88 2 17 25 27 4 26 92 104 71 45 19 112 5 108 61 3 8 71 5 6 88 4 4 28 4 4 23 114 2 80 6 89 26 4 82 2 3 38 23 23 3 6 92 7 27 6 22 65 31 55 98 3 99 4 4 29 75 6 5 98 2 64 5 6 2 6 26 39 60 7 5 98 80 81 2 25 18 89 4 3 20 21 22 4 6 4 96 54 66 2 69 54 65 26 7 3 63 3 4 28 5 19 84 83 16 118 71 20 4 6 97 73 59 6 2 3 5 3 7 4 24 7 3 22 68 90 3 36 91 72 3 4 4 57 67 13 19 106 4 76 98 4 74 30 6 36 3 7 5 62 78 18 3 4 21 7 28 14 104 12 33 6 94 13 60 99 20 59 14 70 2 57 12 27 119 3 38 101 35 7 67 59 61 4 42 54 29 28 4 7 38 4 34 39 99 70 93 40 7 105 61 8 110 29 59 70 7 6 81 97 5 74 7 94 94 6 99 6 98 52 26 82 4 4 68 98 2 65 5 8 76 5 7 95 6 106 26 86 36 85 33 75 50 71 30 32 5 38 88 3 7 28 79 4 99 3 25 33 2 55 61 4 38 2 81 83 30 120 12 17 7 2 60 76 6 92 83 2 5 63 8 91 7 46 7 55 40 75 38 6 70 8 59 6 29 2 4 22 51 85 88 25 85 3 36 6 7 4 8 4 2 91 79 61 12 7 3 47 18 93 2 71 5 3 81 35 4 5 79 5 101 57 6 94 86 61 8 22 3 6 6 89 4 74 5 22 34 2 39 5 14 95 102 18 26 4 97 5 75 3 7 28 81 58 81 4 97 7 3 7 77 51 37 4 81 55 16 5 23 53 3 61 23 7 97 26 79 7 6 4 69 11 58 19 75 29 80 21 7 7 21 2 31 5 6 4 34 75 22 70 51 5 47 3 79 5 5 35 56 11 7 3 15 2 35 35 4 5 64 6 25 94 63 35 90 6 23 12 6 13 13 14 75 13 11 89 58 35 7 39 19 5 73 3 3 88 117 2 89 7 25 2 2 48 8 2 4 98 4 3 61 11 93 8 24 62 91 5 65 14 3 7 15 4 38 22 117 69 7 89 32 115 16 98 7 70 8 98 11 87 40 37 58 5 32 52 20 4 8 60 98 11 87 20 97 8 98 28 20 37 44 7 55 37 23 82 4 6 83 64 120 7 2 17 5 4 36 5 53 62 85 2 3 59 87 25 5 37 35 98 7 7 73 91 2 4 4 8 36 15 5 31 38 101 94 7 17 4 66 36 25 7 28 4 4 2 2 16 3 68 81 32 15 37 5 40 21 98 27 4 66 7 91 107 5 96 19 111 36 19 38 14 87 5 50 8 78 7 34 75 2 21 12 11 4 4 44 69 5 5 14 5 5 6 87 26 68 81 68 87 112 63 119 7 4 86 3 97 69 53 99 74 8 6 64 8 57 37 65 91 27 81 55 28 40 82 7 73 62 99 4 7 34 62 63 77 13 2 19 96 4 3 5 94 82 46 96 3 5 4 51 32 33 4 6 63 29 100 4 81 6 37 59 14 3 83 29 5 57 51 5 98 5 31 52 34 49 64 109 85 98 5 88 6 30 114 4 2 38 4 4 54 6 3 60 106 38 3 5 3 10 25 76 71 4 32 6 4 39 95 32 71 52 5 83 71 32 4 58 21 4 56 88 4 68 5 8 15 7 16 22 94 117 38 5 12 44 27 99 99 29 5 6 84 20 91 6 89 58 8 3 69 90 45 3 41 110 54 57 6 77 79 72 53 67 51 2 78 68 17 8 54 8 68 46 2 6 4 112 7 17 30 55 4 69 50 20 97 30 2 101 41 6 68 25 61 27 35 114 19 2 34 61 5 38 7 21 3 72 36 36 12 6 16 68 87 5 72 35 75 26 4 70 7 101 62 3 91 53 20 65 89 56 2 61 33 84 26 60 79 31 83 59 82 35 98 5 41 30 3 65 3 95 59 76 77 72 90 3 4 64 14 11 7 4 85 5 3 116 3 74 92 7 8 39 5 102 39 4 45 12 4 4 4 88 94 3 4 94 2 11 117 5 8 84 5 73 6 6 2 16 22 101 67 7 7 5 11 85 60 59 79 85 74 7 4 6 5 6 4 14 6 37 2 99 7 36 89 58 83 6 6 3 20 72 111 21 23 4 119 23 6 7 6 64 34 8 99 5 2 3 61 3 4 32 73 2 52 34 52 6 14 3 116 7 25 75 18 3 14 4 7 3 63 73 89 3 6 2 24 31 18 35 12 5 26 69 35 73 7 5 19 11 5 17 24 78 35 7 99 28 23 32 8 59 30 95 24 2 54 4 58 2 80 80 98 68 4 3 83 3 29 87 5 35 85 85 63 5 4 5 7 69 65 5 71 110 7 7 4 7 4 8 35 4 74 5 11 39 84 33 7 26 7 114 32 36 116 63 59 20 7 91 93 29 8 23 8 69 6 73 17 77 24 37 37 6 98 64 7 94 5 29 78 50 4 25 37 5 5 12 55 27 33 4 5 97 90 70 15 53 35 32 8 7 4 86 4 50 57 87 7 26 4 37 48 6 5 3 8 88 27 8 4 28 18 31 69 5 93 6 47 99 66 5 91 97 2 24 82 5 7 110 18 45 99 97 7 2 103 84 4 7 56 3 25 97 19 12 11 53 27 5 6 51 73 29 18 25 6 38 86 3 28 28 37 105 101 3 7 94 4 70 3 88 26 67 55 8 98 8 65 6 3 7 4 5 3 95 63 34 8 43 7 85 80 84 60 70 98 92 18 71 33 3 108 2 71 38 6 3 67 5 6 4 85 6 5 7 115 38 111 6 118 66 8 7 4 55 83 54 11 19 83 92 96 28 61 31 53 91 13 3 92 27 5 4 54 113 12 7 19 53 5 82 4 3 6 112 3 6 22 36 3 57 5 80 85 2 22 61 6 2 88 89 32 4 82 25 18 5 7 6 81 25 17 3 76 93 18 67 21 14 94 52 94 2 2 65 60 15 10 7 8 34 62 35 19 77 14 4 59 2 93 95 5 6 8 6 32 39 85 37 4 74 8 5 5 5 7 3 5 84 5 66 63 7 11 36 63 5 65 50 5 62 5 39 82 59 73 35 92 6 5 70 31 57 71 75 2 5 59 4 2 76 69 26 25 35 59 7 70 63 68 61 29 7 99 3 65 15 47 75 40 3 89 7 71 16 3 65 84 2 6 75 7 31 28 22 3 6 6 5 91 83 6 88 19 54 54 98 18 90 2 73 71 62 5 19 3 28 19 92 12 6 57 26 65 58 53 60 30 87 100 63 55 7 4 103 3 52 30 6 5 30 79 6 4 66 3 79 3 6 93 6 29 17 3 11 7 79 38 58 6 5 37 36 17 36 72 55 2 2 3 15 29 101 42 38 69 3 31 55 64 44 70 8 77 99 3 66 64 64 37 19 83 18 2 6 7 119 25 50 12 6 35 5 20 5 34 11 10 12 76 4 67 15 59 4 58 71 4 72 53 26 14 7 10 5 4 7 7 105 2 26 104 21 107 5 39 85 67 4 27 24 21 11 73 77 6 8 62 60 73 76 13 7 67 7 80 24 82 29 21 6 33 5 5 3 35 39 99 69 48 75 110 39 28 5 10 7 7 66 66 90 29 4 17 79 7 6 55 27 17 29 4 7 11 7 79 2 4 31 7 57 6 3 54 55 73 16 36 19 3 7 2 63 61 61 109 7 27 44 35 7 78 41 18 84 2 5 75 5 4 56 29 78 4 68 27 3 11 27 112 7 112 99 7 3 67 12 75 87 8 3 5 67 7 86 4 48 52 92 85 31 50 94 32 7 96 18 3 2 14 3 5 100 4 6 4 7 24 36 8 69 99 65 8 82 72 28 84 3 92 68

The power demand of 2400 tasks
4 3 13 10 18 12 27 13 16 1 1 2 7 2 10 23 2 7 4 1 1 3 3 27 17 16 7 8 1 2 5 2 2 16 4 12 17 11 1 1 17 28 1 3 18 1 30 4 2 2 1 1 10 19 11 1 4 1 17 3 8 16 7 19 18 18 19 3 3 29 7 4 26 4 13 3 12 17 8 9 6 15 21 10 27 6 1 2 6 6 13 27 6 2 10 2 13 2 17 3 17 9 10 15 2 1 9 9 2 16 13 5 4 3 1 2 19 13 2 14 6 10 1 7 1 7 2 8 2 9 8 5 5 7 14 12 24 7 9 9 1 1 2 6 2 9 4 3 20 2 14 1 2 1 17 2 30 3 11 1 3 2 11 19 13 19 14 3 8 2 1 25 12 20 18 1 2 1 2 7 16 1 2 1 12 14 29 17 18 18 2 28 16 1 1 9 2 3 5 1 5 9 9 2 11 15 15 3 2 17 19 1 3 2 4 2 12 9 20 2 11 1 1 2 10 9 9 4 9 3 18 11 13 2 17 7 11 3 1 27 4 3 10 2 6 1 25 11 13 11 19 17 1 3 9 11 2 3 1 19 2 12 9 3 2 9 3 6 4 7 18 3 16 6 24 14 2 1 8 2 20 4 12 7 1 17 3 10 12 10 6 2 12 11 1 16 19 7 9 11 13 1 9 13 17 2 10 17 17 6 20 5 10 11 12 1 22 15 1 3 10 17 19 6 9 3 18 25 6 8 3 6 20 6 25 2 2 7 14 19 2 20 8 8 5 9 1 30 29 14 17 23 5 2 1 19 2 1 11 2 2 12 19 11 2 10 9 11 26 1 6 3 1 3 24 13 6 17 2 16 15 5 8 8 1 8 2 18 2 6 2 17 19 11 3 8 13 10 7 15 13 9 12 27 3 8 3 2 18 1 10 14 3 17 7 5 12 21 10 16 8 1 19 3 2 8 6 7 13 8 2 12 1 9 2 1 25 1 1 1 3 8 14 3 6 3 1 17 1 14 6 2 6 3 4 12 2 10 11 2 12 8 15 1 19 8 2 12 16 30 7 10 9 1 15 11 3 20 19 18 2 3 12 9 2 6 2 17 1 1 27 7 3 4 2 10 13 2 25 10 1 18 2 7 3 2 15 5 9 2 9 1 6 24 1 19 20 1 1 16 2 2 4 1 18 15 13 1 1 14 8 1 6 15 6 1 11 7 1 6 5 15 20 19 2 1 10 10 17 2 7 2 9 9 1 21 5 29 7 8 9 19 4 14 17 2 24 4 1 20 13 14 1 10 1 10 17 6 14 5 17 1 9 19 14 27 9 5 23 16 2 21 5 2 19 3 17 24 7 16 28 5 18 4 11 18 2 8 1 1 2 2 9 1 15 12 2 13 1 23 2 13 1 7 7 4 11 2 8 23 1 10 10 2 2 8 4 8 3 19 15 3 14 21 9 3 18 6 18 2 16 20 15 4 17 9 3 2 7 7 29 12 13 21 22 1 9 4 7 2 7 15 23 13 30 8 13 1 25 17 3 1 19 1 1 14 3 2 7 1 2 7 22 2 11 1 14 7 2 9 1 2 5 6 10 2 1 12 1 5 3 3 15 7 19 12 2 19 2 1 9 11 1 1 9 2 14 1 2 2 3 6 7 11 3 2 10 9 16 2 5 8 21 2 1 9 10 6 2 2 2 9 24 14 1 19 13 15 7 2 1 15 2 2 9 2 9 10 25 9 26 30 4 1 2 24 20 9 1 1 2 1 3 1 2 9 2 1 10 16 9 3 3 15 19 2 2 2 18 12 6 5 21 2 12 13 1 12 5 2 8 1 2 1 12 25 10 2 2 7 1 5 4 23 7 7 2 11 5 15 18 5 17 10 15 2 19 9 7 24 2 4 13 7 2 9 18 10 1 22 14 6 8 2 2 6 3 7 8 11 28 18 17 2 20 10 2 27 5 11 9 1 2 20 20 1 15 3 16 11 3 19 2 17 12 4 18 3 1 10 11 1 19 1 2 11 1 2 8 1 11 6 15 3 11 5 13 30 19 4 6 3 9 13 1 2 4 12 2 14 2 3 4 1 12 10 1 7 2 26 24 6 25 5 8 1 2 12 18 2 9 10 2 1 10 2 14 2 26 2 10 4 14 4 1 19 1 27 2 8 1 2 3 17 15 17 9 16 2 10 2 2 1 1 1 2 13 13 11 5 1 1 12 9 16 2 15 1 1 19 7 2 2 21 2 23 15 1 17 19 8 3 5 2 2 3 12 1 30 2 7 10 2 5 2 3 18 24 5 8 3 18 1 9 2 2 5 16 13 13 1 15 2 2 2 17 9 9 1 8 20 6 3 8 10 2 9 7 2 13 8 19 3 2 2 17 4 18 5 10 9 16 8 1 1 5 2 6 2 2 2 9 18 7 14 22 2 27 2 9 1 2 4 14 7 1 1 7 1 6 4 2 2 20 2 8 15 16 9 16 2 9 6 1 5 3 5 19 7 7 15 9 6 1 8 5 2 12 1 1 10 16 1 21 2 7 1 1 14 3 2 1 13 3 1 18 5 13 1 7 15 28 2 29 7 2 2 5 3 9 4 22 13 2 12 7 19 10 11 1 13 1 9 8 13 5 9 16 2 4 11 10 1 1 19 10 7 13 9 13 2 30 7 4 5 26 2 27 7 7 10 2 3 14 9 18 3 3 8 1 2 4 1 20 12 9 2 2 18 9 7 2 7 10 22 2 1 28 15 2 2 1 1 7 5 2 3 6 12 19 2 5 1 13 4 9 2 6 2 3 3 2 7 1 13 19 6 6 9 3 7 10 13 8 2 16 3 10 14 2 19 7 29 8 6 7 6 14 3 16 1 15 3 8 25 2 10 5 5 1 2 27 12 1 2 5 2 1 3 10 7 18 14 14 14 18 19 25 2 2 11 1 18 11 20 11 16 3 2 19 3 26 7 20 8 9 14 9 4 3 13 3 20 8 15 2 2 3 10 18 10 9 1 7 16 1 1 2 17 17 21 11 3 1 3 13 4 3 2 1 14 6 24 1 17 3 4 16 5 2 29 9 2 26 18 3 24 1 10 15 7 10 20 19 14 28 1 19 3 5 24 2 1 4 2 2 30 3 1 12 12 4 1 1 1 4 9 20 22 1 4 1 2 5 14 5 10 23 1 19 19 8 2 19 5 2 16 8 1 19 2 2 9 1 3 4 19 12 7 2 4 14 8 9 18 10 2 3 21 10 25 1 18 9 2 3 8 15 25 3 26 20 13 12 2 8 19 10 11 12 10 2 11 11 6 1 13 3 9 19 2 1 2 11 2 7 6 19 2 16 8 9 8 5 2 21 23 1 9 9 26 9 5 28 9 1 5 17 2 7 2 8 3 18 4 6 3 1 7 16 19 2 23 9 12 10 3 27 2 20 15 3 24 8 9 9 18 15 2 10 7 16 4 21 9 10 11 20 15 9 15 2 25 10 3 18 3 14 13 19 12 30 12 2 2 18 7 6 3 1 14 1 2 22 1 17 17 1 3 8 1 26 10 2 30 3 3 3 1 30 17 3 2 19 2 4 21 2 2 10 1 16 2 1 1 6 6 14 11 1 2 1 7 12 14 12 25 8 14 2 2 3 1 2 2 10 2 7 1 18 2 8 16 11 11 1 3 1 3 12 22 6 7 1 26 7 2 3 2 9 4 1 15 2 3 2 29 3 3 7 16 2 13 10 14 1 6 3 17 3 9 8 8 2 8 1 1 2 8 17 11 2 1 2 6 6 6 4 10 3 8 14 9 18 1 2 8 7 1 4 9 17 7 3 30 6 7 4 1 18 4 14 8 1 14 3 29 2 17 22 19 18 1 2 23 1 4 26 3 4 12 29 13 2 1 3 2 20 12 1 26 18 3 3 1 3 2 2 6 2 8 3 5 4 17 8 3 7 1 20 7 5 18 16 28 7 3 18 11 3 3 8 3 18 2 19 5 15 7 5 9 1 20 19 2 18 1 9 14 20 1 8 9 2 1 9 19 7 6 2 1 11 16 20 3 9 4 5 2 2 2 24 2 20 13 17 1 10 1 8 26 2 3 1 2 16 6 1 3 5 7 5 14 1 17 3 21 14 12 1 14 20 3 5 22 1 1 26 10 13 16 16 3 1 12 17 2 2 19 1 8 15 6 10 5 12 4 2 3 18 20 4 10 7 2 8 18 1 4 4 4 26 15 3 2 20 2 13 3 13 5 17 9 2 12 1 28 1 2 1 2 2 2 8 17 5 1 27 3 19 14 20 19 9 28 9 9 19 6 2 23 3 19 3 2 1 8 2 1 3 13 1 1 1 27 7 12 1 18 14 1 1 1 15 10 15 9 7 15 16 21 8 14 6 13 15 5 2 25 4 2 1 17 23 5 2 10 18 2 11 1 2 1 10 1 1 8 6 1 14 1 29 25 1 4 10 2 2 16 17 8 2 23 9 6 3 2 1 14 6 5 1 15 17 9 9 4 6 18 14 12 1 1 17 11 3 4 3 3 3 19 4 6 8 9 2 19 2 12 17 1 2 2 1 7 9 13 6 2 10 3 2 1 2 2 3 1 12 3 19 9 2 3 6 10 2 16 28 2 14 1 7 10 13 16 4 18 1 2 9 6 10 28 9 1 1 13 2 1 10 8 7 7 6 10 1 10 12 15 13 6 2 9 2 20 4 13 15 8 1 9 2 12 8 2 11 13 1 1 20 3 3 9 4 3 3 3 3 15 27 2 10 6 14 11 18 5 18 2 27 19 15 2 6 1 3 7 18 3 3 26 4 9 12 8 16 9 20 19 16 13 2 2 27 1 11 5 1 2 8 15 2 2 8 1 24 2 1 20 2 10 9 1 9 2 11 8 11 1 2 4 5 6 3 8 14 1 2 1 10 3 14 11 8 18 1 3 11 16 25 15 2 26 12 2 20 9 19 9 6 30 10 1 1 2 16 5 12 7 2 9 1 5 2 6 7 5 4 15 1 12 7 17 1 16 9 2 9 18 4 8 1 6 1 2 2 2 13 3 4 23 5 23 1 4 14 10 2 9 7 6 4 15 20 1 3 10 10 29 18 6 2 12 3 9 5 12 3 8 3 8 1 1 1 4 4 16 11 17 11 17 9 6 1 9 2 1 14 24 25 8 2 8 18 1 1 17 7 9 8 1 3 8 1 10 2 1 6 2 15 2 1 10 17 16 6 10 8 3 1 1 17 10 17 24 1 9 10 9 1 15 19 9 13 1 1 25 1 1 18 8 16 1 29 5 2 6 4 28 2 14 20 2 1 14 5 18 14 3 2 1 14 3 10 1 16 17 15 20 4 17 20 6 3 12 4 1 1 7 2 3 10 1 1 1 2 8 10 1 30 19 19 2 20 28 9 28 3 20 20
