B=80	N=800	M=3	Cbw=25984	Cpw=7744

Modes
mode base_power
G 10
R 25
P 50

Task types
type name modes
1 enterprise_emergency G|R
2 maritime_airborne G|R|P
3 cellular_backhaul R|P
4 private_high_priority P

The bandwidth capacity of 80 beams
371 316 285 248 264 307 409 317 388 283
249 281 357 305 332 370 288 356 284 310
314 286 275 381 308 288 291 300 349 381
334 393 308 349 345 404 375 317 260 257
295 331 406 388 370 332 298 340 292 247
372 345 351 319 407 385 350 358 295 311
341 369 266 252 265 375 320 329 407 329
346 314 296 305 305 343 277 252 353 313

The power capacity of 80 beams
103 79 104 96 116 106 85 91 97 107
78 115 105 109 100 78 97 91 73 101
104 79 93 86 79 119 111 87 83 86
108 119 95 110 76 99 118 99 118 90
103 95 73 86 118 78 88 83 83 76
111 111 118 86 112 111 111 101 105 108
115 99 90 102 89 78 113 96 109 72
78 98 104 90 77 106 90 72 115 104

The type of 800 tasks
3 3 2 2 1 1 1 3 4 2 1 3 2 3 1 2 2 3 3 2 4 2 4 1 3 3 1 1 3 3 1 3 2 2 1 3 4 2 1 1 1 2 2 2 3 2 1 2 2 1 4 1 4 1 2 2 1 2 1 3 2 3 2 1 3 1 2 1 1 2 2 2 4 2 3 4 3 1 3 3 1 1 4 3 1 3 4 2 3 1 2 4 1 3 2 2 2 4 1 1 2 1 2 1 1 1 3 3 2 2 1 1 1 1 2 1 2 1 3 1 2 3 4 4 3 2 3 1 3 4 2 3 1 4 1 3 3 1 3 3 4 1 2 3 1 3 1 2 3 1 3 2 1 1 2 4 1 3 2 3 2 4 1 2 1 1 1 1 2 3 2 2 1 3 3 2 1 1 1 1 1 1 3 3 2 4 4 3 3 1 1 3 3 4 4 2 3 2 3 2 4 3 1 1 3 2 1 1 1 3 1 2 1 4 2 1 3 3 2 3 2 1 3 3 4 2 1 2 3 2 3 1 4 1 2 1 1 2 3 2 3 3 1 4 1 1 2 2 2 2 3 1 2 1 3 4 1 3 3 1 1 1 1 2 1 3 1 4 3 3 2 2 1 1 2 3 1 1 1 3 2 2 4 3 4 3 2 3 2 2 4 2 1 1 1 4 2 2 4 4 4 3 1 1 3 3 1 2 3 4 1 3 3 3 2 3 2 4 1 1 1 4 4 1 2 4 4 2 1 3 1 2 2 3 2 1 3 4 2 2 3 2 1 1 3 1 1 1 1 3 3 3 3 4 1 2 2 3 3 1 1 2 2 4 1 1 3 2 2 1 2 1 1 1 3 2 3 4 1 1 3 4 1 4 2 1 1 1 1 3 3 2 1 2 1 1 3 1 4 3 1 1 2 4 3 2 3 1 3 3 2 2 1 3 4 1 1 3 3 3 1 1 2 3 3 3 1 1 2 3 1 1 1 4 3 1 1 3 2 2 3 3 4 4 3 1 1 2 1 2 1 4 3 2 2 2 1 1 1 3 3 1 1 2 1 3 4 4 3 2 4 1 1 2 2 3 1 2 1 3 4 2 1 1 2 1 1 4 1 2 1 2 2 4 4 4 2 4 2 4 1 1 4 4 2 1 4 3 4 1 1 3 1 1 2 4 3 2 1 2 1 3 3 1 2 1 1 2 1 1 4 3 1 4 2 1 4 3 3 1 3 3 1 3 1 3 1 1 1 2 2 2 3 1 2 3 1 2 2 1 2 1 3 3 1 1 1 1 2 1 2 3 1 1 2 3 3 3 1 1 2 1 2 3 2 4 2 1 3 4 2 1 3 1 2 2 1 2 3 1 1 2 2 4 2 4 4 1 1 3 1 3 1 2 4 4 1 1 3 4 3 3 1 1 3 4 2 2 4 1 2 4 1 4 4 4 2 1 2 1 1 2 3 1 4 4 4 2 1 2 3 1 3 4 1 1 2 2 2 2 4 2 3 4 3 2 1 4 2 4 1 1 3 3 1 3 2 4 4 1 3 1 2 1 2 1 1 3 1 1 2 3 1 3 3 1 4 1 3 1 1 1 3 4 3 3 1 1 1 4 4 2 3 1 1 1 2 2 1 4 4 3 3 1 1 3 3 3 1 4 4 1 3 3 1 4 1 3 2 2 3 1 3 3 2 1 2 3 1 4 1 3 4 1 4 2 1 4 2 2 4 3 1 3 1 2 1 2 2 1 2 2 1 2 2 3 3 4 2 4 1 3 2 1 1 4 1 4 3 3 2 4 4 3 3 2 4 4 1 1

The profit of 800 tasks
144 166 108 55 26 30 23 105 222 106 32 197 97 126 55 104 81 101 114 90 316 115 298 22 157 169 55 20 158 117 40 154 76 86 32 105 227 67 36 24 47 80 84 115 178 106 23 86 97 38 250 38 259 43 92 50 59 70 47 135 90 163 63 55 116 32 110 27 36 82 117 112 244 93 181 285 184 26 170 169 35 50 186 164 57 153 318 101 196 28 83 242 41 104 99 89 51 231 50 24 87 52 59 42 33 24 147 123 117 59 22 57 57 42 111 41 65 44 156 48 108 166 333 224 124 68 188 39 110 338 70 163 49 319 52 156 174 48 189 158 315 31 93 123 30 160 53 117 134 55 200 60 38 24 50 342 38 146 116 196 105 235 58 88 54 46 29 43 69 187 95 110 30 132 161 68 23 45 20 38 47 50 146 130 101 288 183 150 147 42 21 131 112 214 233 58 128 62 155 51 286 180 52 57 170 58 60 21 45 123 50 104 49 345 70 49 195 163 115 161 61 20 169 188 216 88 22 110 122 80 190 39 310 53 118 24 44 82 130 58 106 170 20 244 41 42 60 118 54 73 115 30 99 51 179 234 47 163 167 50 23 40 20 111 30 180 40 291 174 133 64 94 31 42 106 111 20 31 45 101 60 110 291 181 247 155 84 177 92 50 326 86 30 32 35 282 115 50 259 317 267 152 41 37 126 144 22 89 112 278 26 121 158 111 115 149 51 335 40 21 29 251 215 29 62 201 236 73 60 197 43 77 104 108 80 20 133 195 56 50 188 61 20 28 196 31 43 49 30 167 150 126 170 182 53 113 87 168 130 31 28 95 79 332 48 22 168 51 75 54 54 39 50 50 191 65 161 285 20 47 143 255 32 196 114 31 54 54 42 144 151 94 58 115 43 49 110 59 199 132 42 48 83 244 176 58 103 51 102 172 88 82 43 164 348 52 57 132 111 116 25 25 113 113 134 183 31 25 69 170 22 23 47 249 118 58 45 150 70 75 126 146 289 199 104 35 52 118 34 65 37 294 193 66 115 60 57 39 20 127 181 26 23 76 33 193 235 233 119 54 249 44 53 88 97 179 41 113 40 179 296 69 59 29 91 29 57 273 46 57 58 86 100 297 198 232 98 190 80 343 59 42 255 209 78 35 204 179 260 37 27 198 53 47 56 334 181 62 43 60 59 170 138 56 84 33 45 71 30 32 209 153 20 198 112 31 257 163 126 54 172 173 25 177 24 184 50 36 52 75 68 79 152 43 53 190 60 83 71 33 96 27 133 107 33 33 21 53 67 47 91 155 31 43 70 130 187 169 41 53 92 55 87 185 50 200 83 46 107 326 82 34 147 44 113 117 21 84 192 45 48 100 80 254 99 349 205 30 57 101 46 128 22 75 319 209 30 48 109 238 185 105 42 31 156 279 86 103 301 22 62 191 31 242 242 193 78 50 95 28 45 91 118 23 258 262 219 117 54 116 137 35 171 190 28 25 114 99 89 113 318 81 134 288 165 120 35 198 52 324 47 51 115 170 48 126 91 259 184 46 135 45 88 36 112 47 55 164 38 46 120 126 25 158 123 37 326 30 193 52 25 27 177 274 148 118 21 47 27 315 277 79 114 27 57 21 81 104 29 347 321 165 118 43 45 149 189 173 42 293 287 48 190 144 26 244 57 166 50 71 137 28 120 100 78 58 82 187 26 202 55 131 299 23 343 115 25 335 55 79 338 142 27 198 22 73 21 78 109 38 61 109 41 101 69 171 155 334 69 242 59 123 85 58 28 327 36 307 196 173 99 275 348 198 160 72 213 237 46 42

The bandwidth demand of 800 tasks
70 96 14 29 6 4 4 87 51 13 5 93 18 58 4 35 25 75 83 30 46 37 99 8 68 54 2 5 59 63 4 88 14 24 7 71 88 26 4 7 7 19 25 25 55 27 7 23 19 7 44 4 84 4 30 18 5 21 3 79 38 83 17 4 67 4 22 4 5 31 11 13 51 20 53 82 80 8 57 66 3 3 117 88 6 90 101 39 64 6 32 78 3 54 29 26 25 118 4 7 32 6 10 6 5 4 72 94 27 18 6 8 7 7 35 2 11 5 99 4 21 59 104 117 90 28 55 3 96 115 29 65 7 117 6 99 94 5 69 81 71 6 39 77 6 54 7 21 80 6 81 12 5 2 33 98 4 98 39 79 32 82 3 36 6 4 7 3 38 79 28 34 8 77 53 26 3 6 5 2 5 5 52 90 12 71 75 88 97 4 4 64 74 117 73 35 54 15 80 15 106 65 2 5 79 12 3 4 3 61 6 30 6 67 37 4 92 52 28 52 39 4 64 98 90 30 3 21 50 19 66 6 74 4 26 6 3 22 72 27 84 81 2 103 8 2 39 19 17 10 55 5 14 8 58 80 7 92 75 6 6 2 5 24 6 73 5 43 87 88 16 16 6 7 11 86 7 5 7 96 10 40 49 94 59 84 28 88 36 35 45 20 2 4 3 110 21 14 41 49 54 99 2 2 83 81 6 17 96 108 3 82 76 84 32 61 29 99 6 4 7 48 86 2 18 89 118 20 3 78 7 28 13 54 14 8 55 101 33 31 68 37 5 7 80 7 4 5 3 68 80 83 91 88 5 13 33 86 78 4 5 30 35 76 8 8 54 17 37 5 18 3 4 7 92 30 91 87 3 6 68 93 7 75 14 5 5 5 6 92 56 39 7 23 2 4 95 5 74 89 7 3 22 61 53 17 60 4 56 51 27 20 7 56 106 7 2 60 60 66 2 5 16 98 79 99 4 4 17 84 7 3 4 63 54 4 7 71 39 12 60 90 115 58 68 8 8 39 3 38 7 80 92 15 20 25 2 3 4 54 100 5 7 20 3 75 93 102 62 40 113 6 4 28 35 68 6 38 5 59 75 38 7 4 25 6 7 94 6 15 3 13 29 47 103 66 23 87 11 82 7 5 88 59 21 4 55 51 92 7 5 59 6 3 34 64 57 16 2 26 5 64 75 4 28 4 2 35 7 3 111 77 5 83 24 7 71 59 52 5 89 70 8 57 8 88 6 5 5 38 39 17 62 4 25 79 3 31 19 3 15 3 73 66 5 6 6 6 22 4 17 56 6 4 10 86 74 83 6 3 36 5 35 100 27 56 26 3 58 102 28 6 80 4 14 16 5 13 72 7 4 15 36 72 13 110 112 5 7 67 7 82 4 22 47 50 7 4 83 89 54 54 8 7 75 118 21 19 50 3 26 47 5 97 95 56 18 5 10 2 2 25 76 2 77 103 81 31 4 17 54 5 62 64 4 6 26 37 21 36 96 31 59 46 52 14 4 57 14 87 2 8 78 73 4 84 12 44 67 7 52 5 12 4 17 7 2 65 5 3 22 54 4 93 70 5 56 5 66 5 8 5 74 57 58 95 4 3 8 113 79 34 53 4 4 4 28 33 5 68 52 94 53 6 6 85 69 77 7 88 53 8 53 92 6 48 4 60 38 33 98 2 91 97 13 3 14 96 4 45 3 73 88 4 71 30 4 59 19 35 101 71 3 65 8 18 3 40 31 3 19 32 7 33 21 83 98 50 39 40 4 56 13 7 7 101 6 92 62 96 21 47 62 90 87 37 80 98 8 4

The power demand of 800 tasks
15 12 4 7 2 1 2 10 13 7 2 18 9 16 1 7 6 19 16 4 15 6 27 1 15 17 2 2 19 14 1 17 9 7 3 10 11 3 1 2 1 7 5 9 16 10 1 9 9 1 10 2 15 1 8 4 1 6 2 17 6 13 4 1 14 2 4 2 2 10 3 4 30 7 15 17 17 3 15 16 3 1 16 17 1 13 28 8 14 2 3 25 3 12 10 9 10 24 3 3 7 2 4 2 1 2 19 8 8 3 2 2 1 1 6 2 7 1 14 2 8 19 27 11 19 6 16 1 14 28 6 14 2 23 1 11 19 1 17 12 12 2 7 10 3 13 3 6 8 2 9 8 2 3 6 24 1 9 10 15 4 11 2 7 3 2 3 2 7 12 3 7 1 9 19 7 1 2 2 2 1 1 11 16 5 25 29 17 19 2 2 9 13 12 28 4 14 7 19 7 21 18 1 1 12 6 1 1 2 20 2 5 2 18 7 1 10 16 10 13 5 1 18 15 11 9 1 8 9 9 17 2 14 1 7 3 3 8 17 5 17 13 2 25 2 2 8 6 8 7 19 1 10 2 9 27 1 11 18 2 2 2 1 7 2 8 1 19 16 12 5 7 3 1 7 14 2 1 3 9 7 7 17 8 22 14 7 13 4 9 19 5 2 2 3 22 7 8 28 30 24 19 1 3 20 15 2 6 12 26 1 19 12 12 8 18 4 15 2 1 2 18 27 1 9 29 22 9 2 13 3 4 9 15 5 3 17 27 6 7 12 6 2 1 19 2 1 2 2 20 11 14 13 21 2 9 4 10 19 1 3 8 10 24 2 1 16 9 6 3 5 1 1 2 15 4 8 29 2 1 9 24 2 21 7 3 2 2 3 13 17 4 3 5 2 1 11 1 18 13 2 1 3 24 11 8 9 1 10 19 8 9 2 18 30 1 3 14 10 14 1 2 8 9 10 17 2 3 7 12 3 1 1 27 13 2 2 15 4 8 8 16 15 16 16 2 1 6 3 9 2 22 19 5 7 8 1 1 1 20 19 2 2 5 1 16 14 29 13 6 15 1 3 5 6 19 1 5 1 13 26 8 3 3 6 1 2 18 1 6 1 6 8 26 23 23 9 28 9 14 1 1 13 22 4 3 16 16 14 1 2 15 2 2 3 14 8 7 3 9 1 17 13 2 7 1 1 6 2 1 20 9 1 29 3 1 11 9 10 1 9 17 1 16 1 9 1 1 2 8 6 8 19 1 4 18 2 8 10 1 5 3 18 15 1 1 3 3 9 2 8 12 1 1 3 10 8 17 3 2 6 3 3 19 5 17 6 2 20 13 3 1 19 1 8 9 1 3 18 3 1 7 6 14 9 29 14 2 1 9 1 14 1 10 15 19 2 2 17 29 17 19 2 1 19 29 5 7 17 3 4 19 1 16 29 20 7 2 6 2 1 8 9 3 14 22 24 5 2 5 20 3 12 17 3 2 6 9 9 3 25 4 17 16 15 6 2 16 7 24 2 2 10 15 3 18 3 25 20 1 13 1 7 2 7 2 2 13 1 3 9 11 1 12 12 1 18 2 13 1 1 3 10 29 19 17 3 1 1 19 21 4 13 1 2 2 9 7 2 26 12 13 11 1 2 10 18 17 2 19 14 1 13 10 2 12 2 11 9 6 17 3 19 12 9 2 5 18 2 11 3 19 15 2 30 7 1 29 8 6 15 10 2 9 2 5 2 3 6 2 5 6 3 6 5 15 16 17 8 21 1 13 4 2 3 10 2 17 17 17 4 13 25 12 16 6 20 26 3 3
